    0.0445500
     0.272000
     0.704000
     0.967000
     0.806000
   1.0408536e-05   1.0000000e-12
   1.0643173e-05   1.0232930e-12
   1.0882749e-05   1.0471285e-12
   1.1127876e-05   1.0715193e-12
   1.1378408e-05   1.0964782e-12
   1.1634570e-05   1.1220185e-12
   1.1896585e-05   1.1481536e-12
   1.2164295e-05   1.1748976e-12
   1.2438292e-05   1.2022644e-12
   1.2718036e-05   1.2302688e-12
   1.3004485e-05   1.2589254e-12
   1.3297466e-05   1.2882495e-12
   1.3596804e-05   1.3182567e-12
   1.3903066e-05   1.3489629e-12
   1.4216072e-05   1.3803843e-12
   1.4536004e-05   1.4125375e-12
   1.4863419e-05   1.4454398e-12
   1.5198121e-05   1.4791084e-12
   1.5540281e-05   1.5135612e-12
   1.5890066e-05   1.5488166e-12
   1.6248012e-05   1.5848932e-12
   1.6613532e-05   1.6218101e-12
   1.6987893e-05   1.6595869e-12
   1.7370128e-05   1.6982436e-12
   1.7761491e-05   1.7378008e-12
   1.8161378e-05   1.7782794e-12
   1.8570290e-05   1.8197008e-12
   1.8988350e-05   1.8620871e-12
   1.9415680e-05   1.9054607e-12
   1.9853132e-05   1.9498446e-12
   2.0300075e-05   1.9952623e-12
   2.0756976e-05   2.0417379e-12
   2.1224301e-05   2.0892961e-12
   2.1702141e-05   2.1379621e-12
   2.2190939e-05   2.1877616e-12
   2.2690409e-05   2.2387211e-12
   2.3201348e-05   2.2908676e-12
   2.3723824e-05   2.3442288e-12
   2.4257884e-05   2.3988329e-12
   2.4804314e-05   2.4547089e-12
   2.5362782e-05   2.5118864e-12
   2.5933688e-05   2.5703957e-12
   2.6517790e-05   2.6302679e-12
   2.7114731e-05   2.6915347e-12
   2.7725257e-05   2.7542286e-12
   2.8349361e-05   2.8183829e-12
   2.8987768e-05   2.8840314e-12
   2.9640458e-05   2.9512092e-12
   3.0307767e-05   3.0199516e-12
   3.0990388e-05   3.0902954e-12
   3.1687912e-05   3.1622776e-12
   3.2401378e-05   3.2359365e-12
   3.3131080e-05   3.3113111e-12
   3.3876942e-05   3.3884415e-12
   3.4639972e-05   3.4673684e-12
   3.5419711e-05   3.5481338e-12
   3.6217141e-05   3.6307804e-12
   3.7032867e-05   3.7153522e-12
   3.7866404e-05   3.8018938e-12
   3.8719052e-05   3.8904513e-12
   3.9591028e-05   3.9810716e-12
   4.0482169e-05   4.0738027e-12
   4.1393738e-05   4.1686937e-12
   4.2325915e-05   4.2657950e-12
   4.3278858e-05   4.3651582e-12
   4.4253436e-05   4.4668358e-12
   4.5249781e-05   4.5708817e-12
   4.6268375e-05   4.6773513e-12
   4.7310401e-05   4.7863008e-12
   4.8375590e-05   4.8977880e-12
   4.9464743e-05   5.0118722e-12
   5.0578274e-05   5.1286137e-12
   5.1717307e-05   5.2480744e-12
   5.2881875e-05   5.3703178e-12
   5.4072349e-05   5.4954085e-12
   5.5289805e-05   5.6234130e-12
   5.6534576e-05   5.7543991e-12
   5.7807702e-05   5.8884363e-12
   5.9109130e-05   6.0255956e-12
   6.0440219e-05   6.1659498e-12
   6.1800878e-05   6.3095732e-12
   6.3192419e-05   6.4565420e-12
   6.4615437e-05   6.6069342e-12
   6.6070133e-05   6.7608295e-12
   6.7557776e-05   6.9183094e-12
   6.9078873e-05   7.0794575e-12
   7.0634298e-05   7.2443593e-12
   7.2224524e-05   7.4131021e-12
   7.3850722e-05   7.5857754e-12
   7.5513679e-05   7.7624708e-12
   7.7213816e-05   7.9432820e-12
   7.8952573e-05   8.1283048e-12
   8.0729973e-05   8.3176373e-12
   8.2547762e-05   8.5113800e-12
   8.4406260e-05   8.7096355e-12
   8.6306805e-05   8.9125089e-12
   8.8250024e-05   9.1201079e-12
   9.0237212e-05   9.3325425e-12
   9.2268921e-05   9.5499254e-12
   9.4346389e-05   9.7723717e-12
   9.6470823e-05   9.9999995e-12
   9.8642704e-05   1.0232929e-11
   0.00010086386   1.0471285e-11
   0.00010313473   1.0715192e-11
   0.00010545709   1.0964781e-11
   0.00010783162   1.1220184e-11
   0.00011025936   1.1481536e-11
   0.00011274197   1.1748975e-11
   0.00011528042   1.2022644e-11
   0.00011787596   1.2302687e-11
   0.00012053015   1.2589253e-11
   0.00012324385   1.2882495e-11
   0.00012601889   1.3182567e-11
   0.00012885639   1.3489628e-11
   0.00013175741   1.3803842e-11
   0.00013472403   1.4125375e-11
   0.00013775758   1.4454397e-11
   0.00014085934   1.4791083e-11
   0.00014403093   1.5135612e-11
   0.00014727388   1.5488165e-11
   0.00015058971   1.5848931e-11
   0.00015398055   1.6218100e-11
   0.00015744749   1.6595868e-11
   0.00016099257   1.6982435e-11
   0.00016461744   1.7378007e-11
   0.00016832371   1.7782793e-11
   0.00017211362   1.8197007e-11
   0.00017598903   1.8620870e-11
   0.00017995136   1.9054606e-11
   0.00018400339   1.9498445e-11
   0.00018814614   1.9952622e-11
   0.00019238255   2.0417378e-11
   0.00019671420   2.0892960e-11
   0.00020114328   2.1379619e-11
   0.00020567226   2.1877615e-11
   0.00021030285   2.2387210e-11
   0.00021503806   2.2908675e-11
   0.00021987983   2.3442287e-11
   0.00022483068   2.3988327e-11
   0.00022989277   2.4547087e-11
   0.00023506916   2.5118863e-11
   0.00024036186   2.5703956e-11
   0.00024577379   2.6302678e-11
   0.00025130744   2.6915346e-11
   0.00025696596   2.7542285e-11
   0.00026275171   2.8183827e-11
   0.00026866765   2.8840313e-11
   0.00027471696   2.9512090e-11
   0.00028090246   3.0199515e-11
   0.00028722719   3.0902952e-11
   0.00029369441   3.1622774e-11
   0.00030030700   3.2359363e-11
   0.00030706875   3.3113110e-11
   0.00031398263   3.3884413e-11
   0.00032105195   3.4673682e-11
   0.00032828082   3.5481336e-11
   0.00033567232   3.6307803e-11
   0.00034323035   3.7153520e-11
   0.00035095814   3.8018937e-11
   0.00035886042   3.8904511e-11
   0.00036694048   3.9810714e-11
   0.00037520216   4.0738024e-11
   0.00038365021   4.1686935e-11
   0.00039228858   4.2657948e-11
   0.00040112107   4.3651580e-11
   0.00041015274   4.4668355e-11
   0.00041938751   4.5708815e-11
   0.00042883045   4.6773510e-11
   0.00043848559   4.7863005e-11
   0.00044835845   4.8977878e-11
   0.00045845367   5.0118719e-11
   0.00046877621   5.1286134e-11
   0.00047933112   5.2480741e-11
   0.00049012335   5.3703175e-11
   0.00050115905   5.4954082e-11
   0.00051244278   5.6234127e-11
   0.00052398100   5.7543989e-11
   0.00053577876   5.8884360e-11
   0.00054784206   6.0255953e-11
   0.00056017732   6.1659495e-11
   0.00057278998   6.3095729e-11
   0.00058568688   6.4565417e-11
   0.00059887418   6.6069339e-11
   0.00061235810   6.7608291e-11
   0.00062614598   6.9183091e-11
   0.00064024399   7.0794572e-11
   0.00065465947   7.2443589e-11
   0.00066939980   7.4131017e-11
   0.00068447157   7.5857750e-11
   0.00069988304   7.7624704e-11
   0.00071564136   7.9432816e-11
   0.00073175476   8.1283044e-11
   0.00074823049   8.3176369e-11
   0.00076507765   8.5113795e-11
   0.00078230369   8.7096350e-11
   0.00079991791   8.9125085e-11
   0.00081792893   9.1201075e-11
   0.00083634513   9.3325421e-11
   0.00085517589   9.5499249e-11
   0.00087443087   9.7723712e-11
   0.00089411944   9.9999990e-11
   0.00091425102   1.0232929e-10
   0.00093483616   1.0471284e-10
   0.00095588452   1.0715192e-10
   0.00097740709   1.0964781e-10
   0.00099941413   1.1220183e-10
    0.0010219166   1.1481535e-10
    0.0010449260   1.1748974e-10
    0.0010684531   1.2022643e-10
    0.0010925103   1.2302686e-10
    0.0011171089   1.2589253e-10
    0.0011422615   1.2882494e-10
    0.0011679801   1.3182566e-10
    0.0011942782   1.3489627e-10
    0.0012211681   1.3803841e-10
    0.0012486635   1.4125374e-10
    0.0012767784   1.4454396e-10
    0.0013055259   1.4791082e-10
    0.0013349208   1.5135611e-10
    0.0013649774   1.5488164e-10
    0.0013957107   1.5848930e-10
    0.0014271362   1.6218099e-10
    0.0014592694   1.6595867e-10
    0.0014921259   1.6982435e-10
    0.0015257223   1.7378006e-10
    0.0015600751   1.7782792e-10
    0.0015952011   1.8197006e-10
    0.0016311182   1.8620869e-10
    0.0016678442   1.9054605e-10
    0.0017053969   1.9498444e-10
    0.0017437952   1.9952621e-10
    0.0017830579   2.0417377e-10
    0.0018232050   2.0892959e-10
    0.0018642558   2.1379618e-10
    0.0019062307   2.1877614e-10
    0.0019491509   2.2387209e-10
    0.0019930375   2.2908674e-10
    0.0020379121   2.3442285e-10
    0.0020837975   2.3988326e-10
    0.0021307156   2.4547086e-10
    0.0021786902   2.5118861e-10
    0.0022277450   2.5703955e-10
    0.0022779042   2.6302677e-10
    0.0023291931   2.6915345e-10
    0.0023816363   2.7542284e-10
    0.0024352607   2.8183826e-10
    0.0024900925   2.8840311e-10
    0.0025461586   2.9512089e-10
    0.0026034873   3.0199513e-10
    0.0026621066   3.0902950e-10
    0.0027220459   3.1622773e-10
    0.0027833350   3.2359362e-10
    0.0028460037   3.3113108e-10
    0.0029100836   3.3884411e-10
    0.0029756064   3.4673681e-10
    0.0030426043   3.5481334e-10
    0.0031111105   3.6307801e-10
    0.0031811597   3.7153518e-10
    0.0032527859   3.8018935e-10
    0.0033260249   3.8904509e-10
    0.0034009125   3.9810712e-10
    0.0034774868   4.0738022e-10
    0.0035557849   4.1686933e-10
    0.0036358458   4.2657946e-10
    0.0037177096   4.3651577e-10
    0.0038014166   4.4668353e-10
    0.0038870084   4.5708813e-10
    0.0039745271   4.6773508e-10
    0.0040640165   4.7863003e-10
    0.0041555208   4.8977875e-10
    0.0042490852   5.0118716e-10
    0.0043447567   5.1286131e-10
    0.0044425824   5.2480739e-10
    0.0045426101   5.3703172e-10
    0.0046448903   5.4954080e-10
    0.0047494737   5.6234125e-10
    0.0048564114   5.7543986e-10
    0.0049657570   5.8884357e-10
    0.0050775646   6.0255950e-10
    0.0051918896   6.1659491e-10
    0.0053087887   6.3095725e-10
    0.0054283203   6.4565414e-10
    0.0055505428   6.6069335e-10
    0.0056755175   6.7608288e-10
    0.0058033057   6.9183087e-10
    0.0059339716   7.0794568e-10
    0.0060675791   7.2443585e-10
    0.0062041953   7.4131013e-10
    0.0063438872   7.5857746e-10
    0.0064867246   7.7624700e-10
    0.0066327779   7.9432812e-10
    0.0067821196   8.1283039e-10
    0.0069348244   8.3176365e-10
    0.0070909671   8.5113791e-10
    0.0072506256   8.7096346e-10
    0.0074138781   8.9125080e-10
    0.0075808074   9.1201070e-10
    0.0077514946   9.3325416e-10
    0.0079260254   9.5499244e-10
    0.0081044855   9.7723707e-10
    0.0082869641   9.9999985e-10
    0.0084735509   1.0232928e-09
    0.0086643398   1.0471284e-09
    0.0088594239   1.0715191e-09
    0.0090589002   1.0964780e-09
    0.0092628673   1.1220183e-09
    0.0094714276   1.1481534e-09
    0.0096846838   1.1748974e-09
    0.0099027418   1.2022642e-09
     0.010125710   1.2302686e-09
     0.010353697   1.2589252e-09
     0.010586819   1.2882493e-09
     0.010825188   1.3182565e-09
     0.011068925   1.3489627e-09
     0.011318150   1.3803840e-09
     0.011572987   1.4125373e-09
     0.011833561   1.4454395e-09
     0.012100003   1.4791081e-09
     0.012372443   1.5135610e-09
     0.012651017   1.5488164e-09
     0.012935864   1.5848929e-09
     0.013227125   1.6218098e-09
     0.013524943   1.6595866e-09
     0.013829467   1.6982434e-09
     0.014140848   1.7378005e-09
     0.014459239   1.7782791e-09
     0.014784800   1.8197006e-09
     0.015117690   1.8620868e-09
     0.015458076   1.9054604e-09
     0.015806125   1.9498443e-09
     0.016162012   1.9952620e-09
     0.016525913   2.0417376e-09
     0.016898006   2.0892958e-09
     0.017278476   2.1379617e-09
     0.017667513   2.1877612e-09
     0.018065311   2.2387208e-09
     0.018472064   2.2908673e-09
     0.018887976   2.3442284e-09
     0.019313253   2.3988325e-09
     0.019748105   2.4547085e-09
     0.020192748   2.5118860e-09
     0.020647403   2.5703953e-09
     0.021112295   2.6302675e-09
     0.021587653   2.6915343e-09
     0.022073716   2.7542282e-09
     0.022570722   2.8183824e-09
     0.023078917   2.8840310e-09
     0.023598555   2.9512087e-09
     0.024129895   3.0199512e-09
     0.024673197   3.0902949e-09
     0.025228733   3.1622771e-09
     0.025796777   3.2359360e-09
     0.026377609   3.3113106e-09
     0.026971521   3.3884409e-09
     0.027578805   3.4673679e-09
     0.028199760   3.5481332e-09
     0.028834699   3.6307799e-09
     0.029483933   3.7153516e-09
     0.030147785   3.8018933e-09
     0.030826585   3.8904507e-09
     0.031520668   3.9810710e-09
     0.032230381   4.0738020e-09
     0.032956071   4.1686931e-09
     0.033698101   4.2657944e-09
     0.034456838   4.3651575e-09
     0.035232659   4.4668351e-09
     0.036025949   4.5708810e-09
     0.036837097   4.6773505e-09
     0.037666511   4.7863000e-09
     0.038514603   4.8977873e-09
     0.039381787   5.0118714e-09
     0.040268496   5.1286129e-09
     0.041175172   5.2480736e-09
     0.042102259   5.3703169e-09
     0.043050222   5.4954077e-09
     0.044019531   5.6234122e-09
     0.045010664   5.7543983e-09
     0.046024110   5.8884354e-09
     0.047060378   6.0255947e-09
     0.048119977   6.1659488e-09
     0.049203433   6.3095722e-09
     0.050311282   6.4565410e-09
     0.051444080   6.6069332e-09
     0.052602381   6.7608284e-09
     0.053786762   6.9183083e-09
     0.054997809   7.0794564e-09
     0.056236126   7.2443582e-09
     0.057502322   7.4131009e-09
     0.058797028   7.5857742e-09
     0.060120888   7.7624696e-09
     0.061474554   7.9432808e-09
     0.062858701   8.1283035e-09
     0.064274006   8.3176360e-09
     0.065721184   8.5113787e-09
     0.067200944   8.7096341e-09
     0.068714023   8.9125076e-09
     0.070261165   9.1201065e-09
     0.071843147   9.3325411e-09
     0.073460750   9.5499239e-09
     0.075114772   9.7723702e-09
     0.076806039   9.9999979e-09
     0.078535378   1.0232928e-08
     0.080303662   1.0471283e-08
     0.082111761   1.0715191e-08
     0.083960563   1.0964780e-08
     0.085850999   1.1220182e-08
     0.087783992   1.1481534e-08
     0.089760512   1.1748973e-08
     0.091781542   1.2022642e-08
     0.093848065   1.2302685e-08
     0.095961124   1.2589251e-08
     0.098121762   1.2882493e-08
      0.10033105   1.3182565e-08
      0.10259007   1.3489626e-08
      0.10489996   1.3803840e-08
      0.10726186   1.4125372e-08
      0.10967693   1.4454395e-08
      0.11214639   1.4791081e-08
      0.11467145   1.5135609e-08
      0.11725336   1.5488163e-08
      0.11989341   1.5848928e-08
      0.12259290   1.6218097e-08
      0.12535316   1.6595865e-08
      0.12817557   1.6982433e-08
      0.13106154   1.7378004e-08
      0.13401249   1.7782790e-08
      0.13702989   1.8197005e-08
      0.14011520   1.8620867e-08
      0.14327000   1.9054603e-08
      0.14649583   1.9498442e-08
      0.14979430   1.9952619e-08
      0.15316701   2.0417375e-08
      0.15661569   2.0892957e-08
      0.16014200   2.1379616e-08
      0.16374771   2.1877611e-08
      0.16743460   2.2387206e-08
      0.17120452   2.2908671e-08
      0.17505932   2.3442283e-08
      0.17900090   2.3988324e-08
      0.18303123   2.4547084e-08
      0.18715231   2.5118859e-08
      0.19136618   2.5703952e-08
      0.19567493   2.6302674e-08
      0.20008069   2.6915342e-08
      0.20458566   2.7542281e-08
      0.20919205   2.8183823e-08
      0.21390216   2.8840308e-08
      0.21871832   2.9512085e-08
      0.22364292   3.0199510e-08
      0.22867841   3.0902947e-08
      0.23382726   3.1622769e-08
      0.23909205   3.2359358e-08
      0.24447538   3.3113104e-08
      0.24997991   3.3884408e-08
      0.25560838   3.4673677e-08
      0.26136360   3.5481331e-08
      0.26724839   3.6307797e-08
      0.27326569   3.7153514e-08
      0.27941844   3.8018931e-08
      0.28570977   3.8904505e-08
      0.29214272   3.9810708e-08
      0.29872051   4.0738018e-08
      0.30544642   4.1686928e-08
      0.31232378   4.2657942e-08
      0.31935596   4.3651573e-08
      0.32654649   4.4668349e-08
      0.33389890   4.5708808e-08
      0.34141687   4.6773503e-08
      0.34910414   4.7862998e-08
      0.35696444   4.8977870e-08
      0.36500177   5.0118711e-08
      0.37322003   5.1286126e-08
      0.38162336   5.2480733e-08
      0.39021587   5.3703167e-08
      0.39900184   5.4954074e-08
      0.40798566   5.6234119e-08
      0.41717175   5.7543980e-08
      0.42656466   5.8884351e-08
      0.43616906   6.0255944e-08
      0.44598973   6.1659485e-08
      0.45603147   6.3095719e-08
      0.46629936   6.4565407e-08
      0.47679842   6.6069328e-08
      0.48753387   6.7608281e-08
      0.49851102   6.9183080e-08
      0.50973535   7.0794561e-08
      0.52121240   7.2443578e-08
      0.53294784   7.4131006e-08
      0.54494756   7.5857738e-08
      0.55721742   7.7624692e-08
      0.56976354   7.9432803e-08
      0.58259219   8.1283031e-08
      0.59570962   8.3176356e-08
      0.60912246   8.5113782e-08
      0.62283725   8.7096337e-08
      0.63686091   8.9125071e-08
      0.65120023   9.1201061e-08
      0.66586244   9.3325406e-08
      0.68085480   9.5499234e-08
      0.69618469   9.7723697e-08
      0.71185982   9.9999974e-08
      0.72788781   1.0232927e-07
      0.74427670   1.0471283e-07
      0.76103461   1.0715190e-07
      0.77816981   1.0964779e-07
      0.79569083   1.1220182e-07
      0.81360632   1.1481533e-07
      0.83192521   1.1748972e-07
      0.85065657   1.2022641e-07
      0.86980969   1.2302684e-07
      0.88939404   1.2589251e-07
      0.90941936   1.2882492e-07
      0.92989552   1.3182564e-07
      0.95083272   1.3489625e-07
      0.97224134   1.3803839e-07
      0.99413204   1.4125372e-07
       1.0165156   1.4454394e-07
       1.0394031   1.4791080e-07
       1.0628059   1.5135608e-07
       1.0867357   1.5488162e-07
       1.1112043   1.5848928e-07
       1.1362238   1.6218097e-07
       1.1618066   1.6595865e-07
       1.1879654   1.6982432e-07
       1.2147132   1.7378004e-07
       1.2420633   1.7782789e-07
       1.2700291   1.8197004e-07
       1.2986246   1.8620866e-07
       1.3278639   1.9054602e-07
       1.3577616   1.9498441e-07
       1.3883325   1.9952618e-07
       1.4195917   2.0417374e-07
       1.4515547   2.0892956e-07
       1.4842373   2.1379615e-07
       1.5176558   2.1877610e-07
       1.5518268   2.2387205e-07
       1.5867672   2.2908670e-07
       1.6224942   2.3442282e-07
       1.6590257   2.3988323e-07
       1.6963797   2.4547082e-07
       1.7345747   2.5118857e-07
       1.7736297   2.5703951e-07
       1.8135639   2.6302673e-07
       1.8543974   2.6915341e-07
       1.8961502   2.7542279e-07
       1.9388433   2.8183821e-07
       1.9824975   2.8840307e-07
       2.0271344   2.9512084e-07
       2.0727766   3.0199509e-07
       2.1194463   3.0902946e-07
       2.1671669   3.1622768e-07
       2.2159619   3.2359357e-07
       2.2658556   3.3113103e-07
       2.3168726   3.3884406e-07
       2.3690381   3.4673675e-07
       2.4223783   3.5481329e-07
       2.4769197   3.6307795e-07
       2.5326886   3.7153512e-07
       2.5897136   3.8018929e-07
       2.6480224   3.8904503e-07
       2.7076440   3.9810706e-07
       2.7686081   4.0738016e-07
       2.8309445   4.1686926e-07
       2.8946848   4.2657940e-07
       2.9598601   4.3651571e-07
       3.0265028   4.4668346e-07
       3.0946460   4.5708806e-07
       3.1643236   4.6773500e-07
       3.2355697   4.7862995e-07
       3.3084202   4.8977868e-07
       3.3829110   5.0118709e-07
       3.4590788   5.1286123e-07
       3.5369616   5.2480731e-07
       3.6165977   5.3703164e-07
       3.6980271   5.4954071e-07
       3.7812898   5.6234116e-07
       3.8664272   5.7543977e-07
       3.9534814   5.8884348e-07
       4.0424957   6.0255941e-07
       4.1335144   6.1659482e-07
       4.2265821   6.3095716e-07
       4.3217449   6.4565404e-07
       4.4190507   6.6069325e-07
       4.5185475   6.7608277e-07
       4.6202841   6.9183076e-07
       4.7243118   7.0794557e-07
       4.8306813   7.2443574e-07
       4.9394455   7.4131002e-07
       5.0506592   7.5857735e-07
       5.1643763   7.7624688e-07
       5.2806540   7.9432799e-07
       5.3995495   8.1283027e-07
       5.5211220   8.3176352e-07
       5.6454315   8.5113778e-07
       5.7725401   8.7096332e-07
       5.9025102   8.9125067e-07
       6.0354071   9.1201056e-07
       6.1712956   9.3325401e-07
       6.3102436   9.5499229e-07
       6.4523206   9.7723692e-07
       6.5975957   9.9999969e-07
       6.7461419   1.0232927e-06
       6.8980327   1.0471282e-06
       7.0533428   1.0715190e-06
       7.2121501   1.0964779e-06
       7.3745327   1.1220181e-06
       7.5405712   1.1481533e-06
       7.7103481   1.1748972e-06
       7.8839478   1.2022641e-06
       8.0614557   1.2302684e-06
       8.2429600   1.2589250e-06
       8.4285507   1.2882491e-06
       8.6183195   1.3182563e-06
       8.8123617   1.3489625e-06
       9.0107718   1.3803838e-06
       9.2136497   1.4125371e-06
       9.4210949   1.4454393e-06
       9.6332102   1.4791079e-06
       9.8501015   1.5135608e-06
       10.071876   1.5488161e-06
       10.298643   1.5848927e-06
       10.530516   1.6218096e-06
       10.767609   1.6595864e-06
       11.010040   1.6982431e-06
       11.257930   1.7378003e-06
       11.511399   1.7782788e-06
       11.770576   1.8197003e-06
       12.035588   1.8620865e-06
       12.306566   1.9054601e-06
       12.583645   1.9498440e-06
       12.866961   1.9952617e-06
       13.156657   2.0417373e-06
       13.452875   2.0892955e-06
       13.755761   2.1379614e-06
       14.065467   2.1877609e-06
       14.382144   2.2387204e-06
       14.705952   2.2908669e-06
       15.037049   2.3442280e-06
       15.375601   2.3988321e-06
       15.721774   2.4547081e-06
       16.075741   2.5118856e-06
       16.437675   2.5703949e-06
       16.807760   2.6302671e-06
       17.186174   2.6915339e-06
       17.573111   2.7542278e-06
       17.968756   2.8183820e-06
       18.373308   2.8840305e-06
       18.786968   2.9512082e-06
       19.209942   3.0199507e-06
       19.642437   3.0902944e-06
       20.084667   3.1622766e-06
       20.536856   3.2359355e-06
       20.999222   3.3113101e-06
       21.471998   3.3884404e-06
       21.955416   3.4673673e-06
       22.449718   3.5481327e-06
       22.955147   3.6307793e-06
       23.471954   3.7153510e-06
       24.000397   3.8018927e-06
       24.540735   3.8904501e-06
       25.093237   3.9810704e-06
       25.658176   4.0738014e-06
       26.235832   4.1686924e-06
       26.826494   4.2657937e-06
       27.430450   4.3651568e-06
       28.048004   4.4668344e-06
       28.679459   4.5708803e-06
       29.325127   4.6773498e-06
       29.985331   4.7862993e-06
       30.660395   4.8977865e-06
       31.350657   5.0118706e-06
       32.056458   5.1286121e-06
       32.778141   5.2480728e-06
       33.516075   5.3703161e-06
       34.270618   5.4954068e-06
       35.042145   5.6234113e-06
       35.831039   5.7543974e-06
       36.637691   5.8884345e-06
       37.462502   6.0255938e-06
       38.305878   6.1659479e-06
       39.168236   6.3095712e-06
       40.050003   6.4565400e-06
       40.951622   6.6069322e-06
       41.873531   6.7608274e-06
       42.816196   6.9183073e-06
       43.780075   7.0794553e-06
       44.765648   7.2443570e-06
       45.773407   7.4130998e-06
       46.803848   7.5857731e-06
       47.857483   7.7624684e-06
       48.934830   7.9432795e-06
       50.036427   8.1283023e-06
       51.162815   8.3176347e-06
       52.314556   8.5113773e-06
       53.492218   8.7096328e-06
       54.696384   8.9125062e-06
       55.927654   9.1201051e-06
       57.186634   9.3325397e-06
       58.473946   9.5499224e-06
       59.790234   9.7723687e-06
       61.136139   9.9999964e-06
       62.512341   1.0232926e-05
       63.919506   1.0471282e-05
       65.358345   1.0715189e-05
       66.829559   1.0964778e-05
       68.333885   1.1220180e-05
       69.872063   1.1481532e-05
       71.444855   1.1748971e-05
       73.053040   1.2022640e-05
       74.697411   1.2302683e-05
       76.378784   1.2589250e-05
       78.098000   1.2882491e-05
       79.855888   1.3182563e-05
       81.653343   1.3489624e-05
       83.491234   1.3803838e-05
       85.370483   1.4125370e-05
       87.292023   1.4454392e-05
       89.256790   1.4791078e-05
       91.265762   1.5135607e-05
       93.319939   1.5488160e-05
       95.420334   1.5848926e-05
       97.567978   1.6218095e-05
       99.763947   1.6595863e-05
       102.00932   1.6982430e-05
       104.30521   1.7378002e-05
       106.65274   1.7782787e-05
       109.05309   1.8197002e-05
       111.50743   1.8620864e-05
       114.01699   1.9054600e-05
       116.58300   1.9498439e-05
       119.20673   1.9952616e-05
       121.88949   2.0417372e-05
       124.63258   2.0892953e-05
       127.43738   2.1379613e-05
       130.30527   2.1877608e-05
       133.23766   2.2387203e-05
       136.23599   2.2908668e-05
       139.30177   2.3442279e-05
       142.43649   2.3988320e-05
       145.64172   2.4547080e-05
       148.91904   2.5118855e-05
       152.27005   2.5703948e-05
       155.69641   2.6302670e-05
       159.19983   2.6915338e-05
       162.78203   2.7542276e-05
       166.44478   2.8183819e-05
       170.18988   2.8840304e-05
       174.01918   2.9512081e-05
       177.93459   3.0199506e-05
       181.93803   3.0902942e-05
       186.03146   3.1622764e-05
       190.21693   3.2359353e-05
       194.49649   3.3113099e-05
       198.87225   3.3884402e-05
       203.34637   3.4673672e-05
       207.92108   3.5481325e-05
       212.59859   3.6307791e-05
       217.38124   3.7153508e-05
       222.27139   3.8018925e-05
       227.27144   3.8904499e-05
       232.38385   3.9810701e-05
       237.61115   4.0738012e-05
       242.95590   4.1686922e-05
       248.42076   4.2657935e-05
       254.00842   4.3651566e-05
       259.72162   4.4668342e-05
       265.56317   4.5708801e-05
       271.53595   4.6773496e-05
       277.64291   4.7862990e-05
       283.88705   4.8977863e-05
       290.27145   5.0118704e-05
       296.79926   5.1286118e-05
       303.47366   5.2480725e-05
       310.29794   5.3703158e-05
       317.27551   5.4954065e-05
       324.40976   5.6234110e-05
       331.70416   5.7543971e-05
       339.16238   5.8884342e-05
       346.78802   6.0255934e-05
       354.58487   6.1659475e-05
       362.55673   6.3095709e-05
       370.70752   6.4565397e-05
       379.04126   6.6069318e-05
       387.56201   6.7608270e-05
       396.27399   6.9183069e-05
       405.18146   7.0794550e-05
       414.28879   7.2443567e-05
       423.60046   7.4130994e-05
       433.12100   7.5857727e-05
       442.85510   7.7624680e-05
       452.80756   7.9432791e-05
       462.98322   8.1283019e-05
       473.38705   8.3176343e-05
       484.02417   8.5113769e-05
       494.89978   8.7096323e-05
       506.01923   8.9125057e-05
       517.38788   9.1201047e-05
       529.01141   9.3325392e-05
       540.89539   9.5499219e-05
       553.04572   9.7723682e-05
       565.46826   9.9999959e-05
       578.16913   0.00010232926
       591.15448   0.00010471281
       604.43066   0.00010715189
       618.00421   0.00010964777
       631.88165   0.00011220180
       646.06982   0.00011481531
       660.57562   0.00011748971
       675.40613   0.00012022639
       690.56848   0.00012302683
       706.07013   0.00012589249
       721.91858   0.00012882490
       738.12158   0.00013182562
       754.68689   0.00013489623
       771.62274   0.00013803837
       788.93719   0.00014125370
       806.63867   0.00014454392
       824.73584   0.00014791078
       843.23737   0.00015135606
       862.15222   0.00015488160
       881.48969   0.00015848925
       901.30219   0.00016218094
       921.58167   0.00016595862
       942.28851   0.00016982429
       963.44995   0.00017378001
       985.13367   0.00017782787
       1007.2176   0.00018197001
       1029.8942   0.00018620863
       1052.9844   0.00019054599
       1076.7045   0.00019498438
       1100.8387   0.00019952615
       1125.5508   0.00020417371
       1150.8806   0.00020892952
       1176.7202   0.00021379612
       1203.1232   0.00021877607
       1230.1908   0.00022387202
       1257.7738   0.00022908667
       1285.9777   0.00023442278
       1314.8156   0.00023988319
       1344.3154   0.00024547079
       1374.4590   0.00025118853
       1405.2811   0.00025703947
       1436.8376   0.00026302669
       1469.0066   0.00026915336
       1501.9366   0.00027542275
       1535.6121   0.00028183817
       1570.0564   0.00028840302
       1605.1954   0.00029512079
       1641.1395   0.00030199504
       1677.9470   0.00030902941
       1715.4854   0.00031622763
       1753.8705   0.00032359352
       1793.1185   0.00033113098
       1833.2438   0.00033884401
       1874.3007   0.00034673670
       1916.1715   0.00035481323
       1958.9584   0.00036307789
       2002.7557   0.00037153507
       2047.4619   0.00038018923
       2093.2268   0.00038904497
       2139.8745   0.00039810699
       2187.6548   0.00040738010
       2236.4373   0.00041686920
       2286.2859   0.00042657933
       2337.2517   0.00043651564
       2389.2896   0.00044668339
       2442.5242   0.00045708799
       2496.7996   0.00046773493
       2552.3711   0.00047862988
       2609.0667   0.00048977860
       2667.0632   0.00050118701
       2726.2996   0.00051286115
       2786.8123   0.00052480722
       2848.5813   0.00053703156
       2911.8296   0.00054954063
       2976.2773   0.00056234107
       3042.1558   0.00057543968
       3109.4602   0.00058884339
       3178.2637   0.00060255931
       3248.4207   0.00061659472
       3320.2139   0.00063095706
       3393.4077   0.00064565394
       3468.1318   0.00066069315
       3544.5461   0.00067608267
       3622.5481   0.00069183066
       3702.1895   0.00070794546
       3783.5139   0.00072443563
       3866.4939   0.00074130990
       3951.3530   0.00075857723
       4037.8276   0.00077624676
       4126.1958   0.00079432787
       4216.3403   0.00081283014
       4308.4468   0.00083176339
       4402.3921   0.00085113765
       4498.3013   0.00087096319
       4596.1465   0.00089125053
       4696.0396   0.00091201042
       4797.9917   0.00093325387
       4901.9360   0.00095499214
       5008.0342   0.00097723677
       5116.3188   0.00099999954
       5226.6758    0.0010232925
       5339.4277    0.0010471281
       5454.2100    0.0010715188
       5571.5669    0.0010964777
       5690.9404    0.0011220179
       5812.8652    0.0011481531
       5937.0889    0.0011748970
       6063.9995    0.0012022639
       6193.0684    0.0012302682
       6324.5239    0.0012589248
       6458.8232    0.0012882489
       6595.7207    0.0013182561
       6734.9844    0.0013489622
       6877.0083    0.0013803836
       7021.8916    0.0014125369
       7169.3413    0.0014454391
       7319.3398    0.0014791077
       7472.4956    0.0015135605
       7628.1079    0.0015488159
       7786.6523    0.0015848924
       7948.1616    0.0016218093
       8112.4429    0.0016595861
       8279.7939    0.0016982428
       8450.0010    0.0017378000
       8623.5439    0.0017782786
       8799.8516    0.0018197000
       8979.1406    0.0018620862
       9161.4287    0.0019054598
       9346.9307    0.0019498437
       9535.3838    0.0019952614
       9727.4541    0.0020417370
       9922.3799    0.0020892951
       10120.003    0.0021379611
       10322.006    0.0021877606
       10525.593    0.0022387201
       10733.481    0.0022908665
       10944.396    0.0023442277
       11158.101    0.0023988318
       11375.468    0.0024547077
       11596.786    0.0025118852
       11819.935    0.0025703945
       12047.308    0.0026302667
       12277.049    0.0026915335
       12511.217    0.0027542274
       12748.088    0.0028183816
       12987.572    0.0028840301
       13229.718    0.0029512078
       13476.248    0.0030199502
       13726.045    0.0030902939
       13978.379    0.0031622761
       14233.314    0.0032359350
       14492.350    0.0033113096
       14752.726    0.0033884399
       15017.089    0.0034673668
       15284.670    0.0035481321
       15554.007    0.0036307788
       15826.913    0.0037153505
       16101.912    0.0038018921
       16380.555    0.0038904495
       16660.580    0.0039810697
       16943.273    0.0040738008
       17228.660    0.0041686918
       17516.039    0.0042657931
       17805.459    0.0043651562
       18097.707    0.0044668337
       18390.369    0.0045708796
       18686.359    0.0046773491
       18982.883    0.0047862985
       19281.729    0.0048977858
       19581.934    0.0050118698
       19882.145    0.0051286113
       20184.949    0.0052480720
       20487.633    0.0053703153
       20790.670    0.0054954060
       21095.232    0.0056234104
       21399.707    0.0057543965
       21704.504    0.0058884336
       22008.607    0.0060255928
       22312.531    0.0061659469
       22616.234    0.0063095703
       22918.584    0.0064565390
       23220.404    0.0066069311
       23520.773    0.0067608263
       23819.062    0.0069183062
       24116.195    0.0070794543
       24410.873    0.0072443559
       24702.750    0.0074130986
       24991.596    0.0075857719
       25277.057    0.0077624672
       25560.047    0.0079432783
       25838.299    0.0081283010
       26112.441    0.0083176335
       26382.434    0.0085113760
       26647.096    0.0087096314
       26906.621    0.0089125048
       27159.998    0.0091201037
       27407.658    0.0093325382
       27648.012    0.0095499210
       27881.574    0.0097723672
       28108.242    0.0099999949
       28326.131     0.010232925
       28535.430     0.010471280
       28735.549     0.010715188
       28926.844     0.010964776
       29108.184     0.011220179
       29279.340     0.011481530
       29438.953     0.011748969
       29587.199     0.012022638
       29722.807     0.012302681
       29847.004     0.012589248
       29957.250     0.012882489
       30056.006     0.013182561
       30140.770     0.013489622
       30211.689     0.013803835
       30266.691     0.014125368
       30303.656     0.014454390
       30320.293     0.014791076
       30319.156     0.015135605
       30303.719     0.015488158
       30277.811     0.015848924
       30246.191     0.016218092
       30211.703     0.016595860
       30167.330     0.016982428
       30107.816     0.017377999
       30026.660     0.017782785
       29916.879     0.018196999
       29777.889     0.018620862
       29609.197     0.019054597
       29410.496     0.019498436
       29181.707     0.019952613
       28925.828     0.020417369
       28648.123     0.020892950
       28353.459     0.021379610
       28046.590     0.021877605
       27730.357     0.022387199
       27403.514     0.022908664
       27067.092     0.023442276
       26716.865     0.023988316
       26354.160     0.024547076
       25977.465     0.025118851
       25585.783     0.025703944
       25181.170     0.026302666
       24762.902     0.026915334
       24330.443     0.027542272
       23884.740     0.028183814
       23426.268     0.028840300
       22952.879     0.029512076
       22467.947     0.030199501
       21980.982     0.030902938
       21503.908     0.031622760
       21042.988     0.032359348
       20607.541     0.033113094
       20193.340     0.033884397
       19788.994     0.034673666
       19385.242     0.035481320
       18972.623     0.036307786
       18547.000     0.037153503
       18115.148     0.038018919
       17680.303     0.038904493
       17248.299     0.039810695
       16822.859     0.040738006
       16408.922     0.041686916
       16014.475     0.042657929
       15642.247     0.043651559
       15297.153     0.044668335
       14978.368     0.045708794
       14685.589     0.046773488
       14414.674     0.047862983
       14164.354     0.048977855
       13932.107     0.050118696
       13714.980     0.051286110
       13507.204     0.052480717
       13307.941     0.053703150
       13111.672     0.054954057
       12916.416     0.056234101
       12717.905     0.057543962
       12512.831     0.058884333
       12298.674     0.060255925
       12074.309     0.061659466
       11840.898     0.063095699
       11599.935     0.064565387
       11352.608     0.066069308
       11097.038     0.067608260
       10829.951     0.069183058
       10547.193     0.070794539
       10246.136     0.072443556
       9925.6543     0.074130983
       9586.8926     0.075857715
       9235.1631     0.077624668
       8873.6924     0.079432779
       8506.1230     0.081283006
       8138.3232     0.083176330
       7777.5269     0.085113756
       7429.8911     0.087096310
       7100.4834     0.089125044
       6792.8799     0.091201032
       6509.5962     0.093325377
       6252.1577     0.095499205
       6021.8149     0.097723667
       5819.3389     0.099999943
       5642.9346      0.10232924
       5488.9775      0.10471280
       5355.2798      0.10715187
       5239.4224      0.10964776
       5135.9282      0.11220178
       5036.9463      0.11481530
       4935.7964      0.11748969
       4825.9590      0.12022637
       4702.3892      0.12302681
       4562.7686      0.12589247
       4406.8999      0.12882488
       4233.8188      0.13182560
       4044.6453      0.13489621
       3846.6619      0.13803835
       3648.2075      0.14125367
       3456.2354      0.14454389
       3276.5671      0.14791075
       3112.9573      0.15135604
       2967.8997      0.15488157
       2843.7959      0.15848923
       2742.4236      0.16218092
       2661.5847      0.16595859
       2593.8328      0.16982427
       2530.2881      0.17377998
       2464.3772      0.17782784
       2390.0610      0.18196998
       2306.2859      0.18620861
       2213.7239      0.19054596
       2113.6931      0.19498435
       2007.4093      0.19952612
       1899.4525      0.20417368
       1796.3456      0.20892949
       1704.2588      0.21379608
       1627.3788      0.21877603
       1566.4705      0.22387198
       1515.3595      0.22908663
       1467.5021      0.23442274
       1417.6146      0.23988315
       1361.7412      0.24547075
       1301.3655      0.25118850
       1239.6904      0.25703943
       1179.7367      0.26302664
       1123.6567      0.26915332
       1072.0884      0.27542271
       1024.2821      0.28183813
       979.41150      0.28840298
       937.01874      0.29512075
       896.59625      0.30199499
       857.74475      0.30902936
       820.29572      0.31622758
       783.92651      0.32359347
       748.57910      0.33113093
       714.22736      0.33884396
       681.11212      0.34673664
       649.31567      0.35481318
       618.86298      0.36307784
       589.88751      0.37153501
       562.26874      0.38018917
       536.05438      0.38904491
       511.17615      0.39810693
       487.57684      0.40738003
       465.07883      0.41686913
       443.52789      0.42657926
       422.79718      0.43651557
       402.78638      0.44668332
       383.48959      0.45708792
       364.98770      0.46773486
       347.30011      0.47862980
       330.48062      0.48977852
       314.50012      0.50118693
       299.26352      0.51286107
       284.76813      0.52480714
       270.93518      0.53703147
       257.74561      0.54954054
       245.14949      0.56234099
       233.14182      0.57543959
       221.68243      0.58884330
       210.75952      0.60255922
       200.34148      0.61659463
       190.41093      0.63095696
       180.95650      0.64565384
       171.94313      0.66069305
       163.35997      0.67608256
       155.17914      0.69183055
       147.39301      0.70794535
       139.97542      0.72443552
       132.91107      0.74130979
       126.19244      0.75857711
       119.80365      0.77624664
       113.71791      0.79432775
       107.92328      0.81283002
       102.41681      0.83176326
       97.177620      0.85113752
       92.196838      0.87096305
       87.463264      0.89125039
       82.964020      0.91201028
       78.686790      0.93325373
       74.618324      0.95499200
       70.752792      0.97723662
       67.081169      0.99999938
       63.593643       1.0232924
       60.280727       1.0471279
       57.131874       1.0715186
       54.148155       1.0964775
       51.309345       1.1220178
       48.611286       1.1481529
       46.057697       1.1748968
       43.629826       1.2022637
       41.333496       1.2302680
       39.148472       1.2589246
       37.071911       1.2882487
       35.103355       1.3182559
       33.240467       1.3489620
       31.469868       1.3803834
       29.792387       1.4125367
       28.198538       1.4454389
       26.692783       1.4791075
       25.259930       1.5135603
       23.903481       1.5488156
       22.618773       1.5848922
       21.401310       1.6218091
       20.247110       1.6595859
       19.155260       1.6982426
       18.118372       1.7377997
       17.136898       1.7782783
       16.206438       1.8196997
       15.325978       1.8620860
       14.492505       1.9054595
       13.703810       1.9498434
       12.954949       1.9952611
       12.247127       2.0417367
       11.577252       2.0892948
       10.943027       2.1379607
       10.341773       2.1877602
       9.7738342       2.2387197
       9.2367039       2.2908662
       8.7277794       2.3442273
       8.2467499       2.3988314
       7.7913861       2.4547074
       7.3604708       2.5118848
       6.9529467       2.5703941
       6.5677061       2.6302663
       6.2036171       2.6915331
       5.8590326       2.7542269
       5.5328827       2.8183811
       5.2248073       2.8840297
       4.9335761       2.9512073
       4.6581526       3.0199498
       4.3980055       3.0902934
       4.1518769       3.1622756
       3.9193828       3.2359345
       3.6995406       3.3113091
       3.4918540       3.3884394
       3.2958417       3.4673663
       3.1102648       3.5481316
       2.9354625       3.6307782
       2.7697854       3.7153499
       2.6135206       3.8018915
       2.4658058       3.8904489
       2.3264260       3.9810691
       2.1948051       4.0738001
       2.0705495       4.1686911
       1.9531156       4.2657924
       1.8421830       4.3651555
       1.7374569       4.4668330
       1.6386931       4.5708789
       1.5453808       4.6773484
       1.4573562       4.7862978
       1.3742700       4.8977850
       1.2958307       5.0118691
       1.2217263       5.1286105
       1.1518494       5.2480712
       1.0859048       5.3703144
       1.0237037       5.4954051
      0.96501744       5.6234096
      0.90964758       5.7543956
      0.85740310       5.8884327
      0.80807018       6.0255919
      0.76158428       6.1659460
      0.71773577       6.3095693
      0.67637515       6.4565380
      0.63736403       6.6069301
      0.60058284       6.7608253
      0.56587172       6.9183051
      0.53313285       7.0794532
      0.50226760       7.2443548
      0.47320023       7.4130975
      0.44578347       7.5857707
      0.41994581       7.7624660
      0.39554518       7.9432771
      0.37256905       8.1282998
      0.35090131       8.3176322
      0.33048606       8.5113747
      0.31124777       8.7096301
      0.29312503       8.9125034
      0.27603364       9.1201023
      0.25992334       9.3325368
      0.24473859       9.5499195
      0.23044340       9.7723657
      0.21697243       9.9999933
      0.20425624       10.232923
      0.19232145       10.471278
      0.18106417       10.715186
      0.17044093       10.964775
      0.16042747       11.220177
      0.15100639       11.481528
      0.14212394       11.748968
      0.13378459       12.022636
      0.12593445       12.302679
      0.11850173       12.589246
      0.11152625       12.882487
      0.10494662       13.182558
     0.098754160       13.489620
     0.092930458       13.803833
     0.087444998       14.125366
     0.082281239       14.454388
     0.077418223       14.791074
     0.072833344       15.135602
     0.068522789       15.488156
     0.064461358       15.848921
     0.060640115       16.218090
     0.057047781       16.595858
     0.053666629       16.982425
     0.050477803       17.377996
     0.047476806       17.782782
     0.044657379       18.196996
     0.042000771       18.620859
     0.039500162       19.054594
     0.037150368       19.498433
     0.034936868       19.952609
     0.032851811       20.417365
     0.030893665       20.892947
     0.029051501       21.379606
     0.027318159       21.877601
     0.025684746       22.387196
     0.024149692       22.908661
     0.022705367       23.442272
     0.021345453       23.988313
     0.020068973       24.547072
     0.018867344       25.118847
     0.017737202       25.703940
     0.016672866       26.302662
     0.015673513       26.915329
     0.014732005       27.542268
     0.013846482       28.183810
     0.013014874       28.840295
     0.012232629       29.512072
     0.011497485       30.199496
     0.010804935       30.902933
     0.010154636       31.622755
    0.0095426021       32.359343
    0.0089673866       33.113089
    0.0084263692       33.884392
    0.0079179462       34.673661
    0.0074401842       35.481314
    0.0069910712       36.307780
    0.0065680947       37.153497
    0.0061712121       38.018913
    0.0057980460       38.904487
    0.0054469686       39.810689
    0.0051173316       40.737999
    0.0048073982       41.686909
    0.0045159012       42.657922
    0.0042417934       43.651553
    0.0039844229       44.668328
    0.0037425824       45.708787
    0.0035153311       46.773481
    0.0033017558       47.862976
    0.0031010190       48.977847
    0.0029122992       50.118688
    0.0027349649       51.286102
    0.0025683248       52.480709
    0.0024117890       53.703142
    0.0022648815       54.954049
    0.0021268139       56.234093
    0.0019973621       57.543953
    0.0018757209       58.884324
    0.0017614450       60.255916
    0.0016540913       61.659456
    0.0015532433       63.095690
    0.0014585091       64.565377
    0.0013695206       66.069298
    0.0012859313       67.608249
    0.0012074159       69.183048
    0.0011336681       70.794528
    0.0010644003       72.443544
   0.00099934207       74.130971
   0.00093823893       75.857703
   0.00088085199       77.624656
   0.00082695665       79.432767
   0.00077634159       81.282993
   0.00072880840       83.176318
   0.00068417046       85.113743
   0.00064225256       87.096297
   0.00060288981       89.125030
   0.00056592730       91.201018
   0.00053121959       93.325363
   0.00049862987       95.499190
   0.00046802961       97.723652
   0.00043929799       99.999928
   0.00041232159       102.32923
   0.00038699372       104.71278
   0.00036321420       107.15185
   0.00034088889       109.64774
   0.00031992930       112.20176
   0.00030025234       114.81528
   0.00028177994       117.48967
   0.00026443874       120.22636
   0.00024815983       123.02679
   0.00023287846       125.89245
   0.00021853381       128.82486
   0.00020506876       131.82558
   0.00019242964       134.89619
   0.00018056603       138.03833
   0.00016943060       141.25365
   0.00015897886       144.54387
   0.00014916905       147.91073
   0.00013996194       151.35601
   0.00013132064       154.88155
   0.00012321059       158.48920
   0.00011559926       162.18089
   0.00010845614       165.95857
   0.00010175254       169.82424
   9.5461568e-05       173.77996
   8.9557921e-05       177.82781
   8.4017876e-05       181.96995
   7.8819139e-05       186.20858
   7.3940770e-05       190.54593
   6.9363123e-05       194.98432
   6.5067732e-05       199.52608
   6.1037281e-05       204.17364
   5.7255500e-05       208.92946
   5.3707106e-05       213.79605
   5.0377766e-05       218.77600
   4.7254009e-05       223.87195
   4.4323198e-05       229.08660
   4.1573465e-05       234.42271
   3.8993672e-05       239.88311
   3.6573354e-05       245.47071
   3.4302702e-05       251.18846
   3.2172495e-05       257.03939
   3.0174080e-05       263.02660
   2.8299339e-05       269.15328
   2.6540651e-05       275.42267
   2.4890858e-05       281.83808
   2.3343246e-05       288.40294
   2.1891510e-05       295.12070
   2.0529735e-05       301.99495
   1.9252369e-05       309.02931
   1.8054199e-05       316.22753
   1.6930335e-05       323.59342
   1.5876185e-05       331.13087
   1.4887443e-05       338.84390
   1.3960065e-05       346.73659
   1.3090257e-05       354.81312
   1.2274459e-05       363.07778
   1.1509330e-05       371.53495
   1.0791733e-05       380.18911
   1.0118729e-05       389.04485
   9.4875541e-06       398.10687
   8.8956203e-06       407.37997
   8.3404948e-06       416.86907
   7.8198982e-06       426.57920
   7.3316905e-06       436.51550
   6.8738636e-06       446.68326
   6.4445330e-06       457.08784
   6.0419325e-06       467.73479
   5.6644026e-06       478.62973
   5.3103877e-06       489.77845
   4.9784285e-06       501.18685
   4.6671557e-06       512.86100
   4.3752843e-06       524.80706
   4.1016092e-06       537.03139
   3.8449998e-06       549.54046
   3.6043957e-06       562.34090
   3.3788017e-06       575.43950
   3.1672844e-06       588.84321
   2.9689686e-06       602.55913
   2.7830329e-06       616.59453
   2.6087071e-06       630.95686
   2.4452686e-06       645.65374
   2.2920394e-06       660.69294
   2.1483841e-06       676.08246
   2.0137061e-06       691.83044
   1.8874464e-06       707.94524
   1.7690805e-06       724.43541
   1.6581163e-06       741.30967
   1.5540924e-06       758.57699
   1.4565760e-06       776.24652
   1.3651614e-06       794.32763
   1.2794678e-06       812.82989
   1.1991385e-06       831.76313
   1.1238385e-06       851.13738
   1.0532539e-06       870.96292
   9.8709029e-07       891.25025
   9.2507167e-07       912.01014
   8.6693910e-07       933.25358
   8.1244974e-07       954.99185
   7.6137604e-07       977.23647
   7.1350439e-07       999.99923
   6.6863470e-07       1023.2922
   6.2657926e-07       1047.1277
   5.8716205e-07       1071.5185
   5.5021798e-07       1096.4773
   5.1559243e-07       1122.0176
   4.8314018e-07       1148.1527
   4.5272535e-07       1174.8966
   4.2422025e-07       1202.2635
   3.9750535e-07       1230.2678
   3.7246855e-07       1258.9244
   3.4900469e-07       1288.2485
   3.2701524e-07       1318.2557
   3.0640783e-07       1348.9618
   2.8709579e-07       1380.3832
   2.6899792e-07       1412.5364
   2.5203809e-07       1445.4386
   2.3614493e-07       1479.1072
   2.2125153e-07       1513.5601
   2.0729516e-07       1548.8154
   1.9421704e-07       1584.8920
   1.8196202e-07       1621.8088
   1.7047844e-07       1659.5856
   1.5971787e-07       1698.2423
   1.4963490e-07       1737.7995
   1.4018697e-07       1778.2780
   1.3133419e-07       1819.6994
   1.2303916e-07       1862.0857
   1.1526681e-07       1905.4592
   1.0798432e-07       1949.8431
   1.0116088e-07       1995.2607
   9.4767621e-08       2041.7363
   8.8777490e-08       2089.2945
   8.3165126e-08       2137.9604
   7.7906776e-08       2187.7599
   7.2980150e-08       2238.7194
   6.8364379e-08       2290.8658
   6.4039895e-08       2344.2270
   5.9988359e-08       2398.8310
   5.6192583e-08       2454.7070
   5.2636462e-08       2511.8844
   4.9304898e-08       2570.3937
   4.6183743e-08       2630.2659
   4.3259742e-08       2691.5327
   4.0520472e-08       2754.2265
   3.7954283e-08       2818.3807
   3.5550269e-08       2884.0292
   3.3298203e-08       2951.2069
   3.1188502e-08       3019.9493
   2.9212185e-08       3090.2930
   2.7360842e-08       3162.2751
   2.5626585e-08       3235.9340
   2.4002027e-08       3311.3086
   2.2480242e-08       3388.4389
   2.1054746e-08       3467.3657
   1.9719456e-08       3548.1311
   1.8468681e-08       3630.7776
   1.7297079e-08       3715.3493
   1.6199651e-08       3801.8909
   1.5171711e-08       3890.4483
   1.4208868e-08       3981.0685
   1.3307010e-08       4073.7995
   1.2462280e-08       4168.6905
   1.1671069e-08       4265.7918
   1.0929993e-08       4365.1548
   1.0235881e-08       4466.8323
   9.5857633e-09       4570.8782
   8.9768566e-09       4677.3476
   8.4065555e-09       4786.2971
   7.8724156e-09       4897.7842
   7.3721504e-09       5011.8683
   6.9036150e-09       5128.6097
   6.4648007e-09       5248.0704
   6.0538268e-09       5370.3136
   5.6689298e-09       5495.4043
   5.3084586e-09       5623.4087
   4.9708664e-09       5754.3947
   4.6547037e-09       5888.4318
   4.3586130e-09       6025.5910
   4.0813228e-09       6165.9450
   3.8216412e-09       6309.5683
   3.5784522e-09       6456.5370
   3.3507106e-09       6606.9291
   3.1374372e-09       6760.8242
   2.9377141e-09       6918.3041
   2.7506826e-09       7079.4521
   2.5755373e-09       7244.3537
   2.4115243e-09       7413.0964
   2.2579376e-09       7585.7696
   2.1141155e-09       7762.4648
   1.9794382e-09       7943.2758
   1.8533256e-09       8128.2985
   1.7352338e-09       8317.6309
   1.6246539e-09       8511.3734
   1.5211086e-09       8709.6288
   1.4241515e-09       8912.5021
   1.3333639e-09       9120.1009
   1.2483541e-09       9332.5353
   1.1687551e-09       9549.9180
   1.0942230e-09       9772.3642
   1.0244360e-09       9999.9918
   9.5909236e-10       10232.921
   8.9790975e-10       10471.277
   8.4062368e-10       10715.184
   7.8698642e-10       10964.773
   7.3676593e-10       11220.175
   6.8974504e-10       11481.527
   6.4572009e-10       11748.966
   6.0450067e-10       12022.634
   5.6590826e-10       12302.678
   5.2977567e-10       12589.244
   4.9594645e-10       12882.485
   4.6427395e-10       13182.556
   4.3462095e-10       13489.618
   4.0685891e-10       13803.831
   3.8086739e-10       14125.364
   3.5653372e-10       14454.386
   3.3375230e-10       14791.072
   3.1242428e-10       15135.600
   2.9245709e-10       15488.153
   2.7376404e-10       15848.919
   2.5626398e-10       16218.087
   2.3988089e-10       16595.855
   2.2454356e-10       16982.422
   2.1018538e-10       17377.994
   1.9674394e-10       17782.779
   1.8416078e-10       18196.993
   1.7238121e-10       18620.856
   1.6135397e-10       19054.591
   1.5103110e-10       19498.430
   1.4136767e-10       19952.606
   1.3232163e-10       20417.362
   1.2385358e-10       20892.944
   1.1592666e-10       21379.603
   1.0850635e-10       21877.598
   1.0156031e-10       22387.193
   9.5058274e-11       22908.657
   8.8971913e-11       23442.268
   8.3274693e-11       23988.309
   7.7941757e-11       24547.068
   7.2949861e-11       25118.843
   6.8277231e-11       25703.936
   6.3903466e-11       26302.658
   5.9809484e-11       26915.325
   5.5977421e-11       27542.264
   5.2390536e-11       28183.805
   4.9033170e-11       28840.291
   4.5890659e-11       29512.067
   4.2949269e-11       30199.492
   4.0196152e-11       30902.928
   3.7619272e-11       31622.750
   3.5207365e-11       32359.338
   3.2949882e-11       33113.084
   3.0836951e-11       33884.387
   2.8859332e-11       34673.656
   2.7008369e-11       35481.309
   2.5275964e-11       36307.775
   2.3654533e-11       37153.491
   2.2136976e-11       38018.907
   2.0716649e-11       38904.481
   1.9387332e-11       39810.683
   1.8143199e-11       40737.993
   1.6978802e-11       41686.903
   1.5889035e-11       42657.915
   1.4869123e-11       43651.546
   1.3914595e-11       44668.321
   1.3021264e-11       45708.780
   1.2185211e-11       46773.474
   1.1402769e-11       47862.968
   1.0670507e-11       48977.840
   9.9852088e-12       50118.680
   9.3438668e-12       51286.094
   8.7436655e-12       52480.701
   8.1819699e-12       53703.133
   7.6563131e-12       54954.040
   7.1643841e-12       56234.084
   6.7040236e-12       57543.944
   6.2732076e-12       58884.315
   5.8700427e-12       60255.907
   5.4927564e-12       61659.447
   5.1396895e-12       63095.680
   4.8092897e-12       64565.367
   4.5001034e-12       66069.288
   4.2107702e-12       67608.239
   3.9400176e-12       69183.037
   3.6866530e-12       70794.517
   3.4495616e-12       72443.533
   3.2276996e-12       74130.960
   3.0200896e-12       75857.692
   2.8258177e-12       77624.644
   2.6440278e-12       79432.754
   2.4739191e-12       81282.981
   2.3147415e-12       83176.305
   2.1657940e-12       85113.730
   2.0264196e-12       87096.283
   1.8960040e-12       89125.016
   1.7739717e-12       91201.004
   1.6597847e-12       93325.349
   1.5529393e-12       95499.175
   1.4529639e-12       97723.637
   1.3594175e-12       99999.913
   1.2718869e-12       102329.21
   1.1899859e-12       104712.76
   1.1133529e-12       107151.84
   1.0416493e-12       109647.72
   9.7455843e-13       112201.75
   9.1178389e-13       114815.26
   8.5304843e-13       117489.65
   7.9809239e-13       120226.34
   7.4667280e-13       123026.77
   6.9856246e-13       125892.43
   6.5354861e-13       128824.84
   6.1143213e-13       131825.56
   5.7202680e-13       134896.17
   5.3515829e-13       138038.30
   5.0066348e-13       141253.63
   4.6838970e-13       144543.85
   4.3819408e-13       147910.71
   4.0994299e-13       151355.99
   3.8351134e-13       154881.52
   3.5878210e-13       158489.18
   3.3564571e-13       162180.87
   3.1399972e-13       165958.54
   2.9374821e-13       169824.21
   2.7480148e-13       173779.93
   2.5707550e-13       177827.78
   2.4049174e-13       181969.92
   2.2497665e-13       186208.55
   2.1046148e-13       190545.90
   1.9688183e-13       194984.29
   1.8417748e-13       199526.05
   1.7229207e-13       204173.61
   1.6117286e-13       208929.43
   1.5077052e-13       213796.02
   1.4103887e-13       218775.97
   1.3193473e-13       223871.91
   1.2341767e-13       229086.56
   1.1544989e-13       234422.67
   1.0799596e-13       239883.08
   1.0102282e-13       245470.67
   9.4499475e-14       251188.42
   8.8396934e-14       257039.35
   8.2688095e-14       263026.56
   7.7347573e-14       269153.24
   7.2351637e-14       275422.62
   6.7678075e-14       281838.04
   6.3306111e-14       288402.89
   5.9216290e-14       295120.66
   5.5390432e-14       301994.90
   5.1811515e-14       309029.27
   4.8463617e-14       316227.48
   4.5331841e-14       323593.37
   4.2402252e-14       331130.82
   3.9661803e-14       338843.85
   3.7098302e-14       346736.54
   3.4700331e-14       354813.07
   3.2457215e-14       363077.73
   3.0358958e-14       371534.89
   2.8396224e-14       380189.05
   2.6560260e-14       389044.79
   2.4842890e-14       398106.81
   2.3236460e-14       407379.91
   2.1733810e-14       416869.01
   2.0328244e-14       426579.13
   1.9013493e-14       436515.44
   1.7783697e-14       446683.19
   1.6633371e-14       457087.77
   1.5557385e-14       467734.72
   1.4550938e-14       478629.66
   1.3609543e-14       489778.37
   1.2728996e-14       501186.78
   1.1905370e-14       512860.92
   1.1134988e-14       524806.98
   1.0414412e-14       537031.31
   9.7404240e-15       549540.37
   9.1100155e-15       562340.81
   8.5203713e-15       575439.41
   7.9688580e-15       588843.12
   7.4530107e-15       602559.03
   6.9705272e-15       616594.44
   6.5192501e-15       630956.77
   6.0971634e-15       645653.64
   5.7023804e-15       660692.84
   5.3331371e-15       676082.35
   4.9877819e-15       691830.34
   4.6647718e-15       707945.13
   4.3626614e-15       724435.29
   4.0801001e-15       741309.56
   3.8158241e-15       758576.88
   3.5686510e-15       776246.40
   3.3374750e-15       794327.50
   3.1212618e-15       812829.77
   2.9190435e-15       831763.00
   2.7299154e-15       851137.25
   2.5530308e-15       870962.79
   2.3875978e-15       891250.11
   2.2328754e-15       912010.00
   2.0881713e-15       933253.44
   1.9528368e-15       954991.70
   1.8262661e-15       977236.32
   1.7078922e-15       999999.07
   1.5971846e-15       1023292.0
   1.4936473e-15       1047127.6
   1.3968162e-15       1071518.3
   1.3062574e-15       1096477.2
   1.2215649e-15       1122017.4
   1.1423590e-15       1148152.6
   1.0682847e-15       1174896.5
   9.9900961e-16       1202263.3
   9.3422324e-16       1230267.6
   8.7363492e-16       1258924.2
   8.1697286e-16       1288248.4
   7.6398280e-16       1318255.5
   7.1442697e-16       1348961.6
   6.6808305e-16       1380383.0
   6.2474302e-16       1412536.2
   5.8421228e-16       1445438.4
   5.4630899e-16       1479107.0
   5.1086283e-16       1513559.8
   4.7771478e-16       1548815.2
   4.4671586e-16       1584891.7
   4.1772690e-16       1621808.6
   3.9061766e-16       1659585.4
   3.6526636e-16       1698242.1
   3.4155910e-16       1737799.2
   3.1938936e-16       1778277.7
   2.9865749e-16       1819699.1
   2.7927028e-16       1862085.4
   2.6114065e-16       1905458.9
   2.4418705e-16       1949842.8
   2.2833327e-16       1995260.4
   2.1350800e-16       2041736.0
   1.9964457e-16       2089294.2
   1.8668065e-16       2137960.1
   1.7455790e-16       2187759.6
   1.6322178e-16       2238719.0
   1.5262131e-16       2290865.5
   1.4270877e-16       2344226.6
   1.3343956e-16       2398830.6
   1.2477196e-16       2454706.6
   1.1666694e-16       2511884.1
   1.0908803e-16       2570393.3
   1.0200109e-16       2630265.5
   9.5374222e-17       2691532.3
   8.9177574e-17       2754226.1
   8.3383240e-17       2818380.3
   7.7965121e-17       2884028.8
   7.2898805e-17       2951206.4
   6.8161476e-17       3019948.8
   6.3731771e-17       3090292.5
   5.9589741e-17       3162274.6
   5.5716716e-17       3235933.5
   5.2095236e-17       3311308.1
   4.8708977e-17       3388438.3
   4.5542675e-17       3467365.2
   4.2582047e-17       3548130.5
   3.9813748e-17       3630777.1
   3.7225291e-17       3715348.7
   3.4805001e-17       3801890.3
   3.2541960e-17       3890447.7
   3.0425963e-17       3981067.9
   2.8447456e-17       4073798.9
   2.6597519e-17       4168689.8
   2.4867799e-17       4265791.1
   2.3250489e-17       4365154.1
   2.1738290e-17       4466831.6
   2.0324375e-17       4570877.5
   1.9002364e-17       4677346.9
   1.7766283e-17       4786296.3
   1.6610553e-17       4897783.5
   1.5529954e-17       5011867.5
   1.4519604e-17       5128608.9
   1.3574943e-17       5248069.5
   1.2691700e-17       5370312.8
   1.1865886e-17       5495403.4
   1.1093769e-17       5623407.8
   1.0371861e-17       5754393.8
   9.6968969e-18       5888430.9
   9.0658284e-18       6025590.0
   8.4758021e-18       6165944.1
   7.9241512e-18       6309567.3
   7.4083801e-18       6456536.0
   6.9261578e-18       6606928.1
   6.4753034e-18       6760823.2
   6.0537780e-18       6918303.0
   5.6596744e-18       7079451.0
   5.2912105e-18       7244352.6
   4.9467191e-18       7413095.2
   4.6246419e-18       7585768.4
   4.3235213e-18       7762463.6
   4.0419945e-18       7943274.6
   3.7787873e-18       8128297.3
   3.5327089e-18       8317629.6
   3.3026449e-18       8511372.1
   3.0875540e-18       8709627.4
   2.8864625e-18       8912500.7
   2.6984594e-18       9120099.5
   2.5226939e-18       9332533.9
   2.3583697e-18       9549916.5
   2.2047424e-18       9772362.7
   2.0611163e-18       9999990.2
   1.9268407e-18       10232920.
   1.8013074e-18       10471275.
   1.6839473e-18       10715183.
   1.5742288e-18       10964771.
   1.4716546e-18       11220174.
   1.3757599e-18       11481525.
   1.2861098e-18       11748964.
   1.2022981e-18       12022633.
   1.1239448e-18       12302676.
   1.0506946e-18       12589242.
   9.8221535e-19       12882483.
   9.1819654e-19       13182554.
   8.5834780e-19       13489616.
   8.0239766e-19       13803829.
   7.5009234e-19       14125362.
   7.0119454e-19       14454383.
   6.5548237e-19       14791069.
   6.1274851e-19       15135598.
   5.7279900e-19       15488151.
   5.3545247e-19       15848916.
   5.0053950e-19       16218085.
   4.6790164e-19       16595853.
   4.3739062e-19       16982420.
   4.0886801e-19       17377991.
   3.8220426e-19       17782776.
   3.5727833e-19       18196991.
   3.3397704e-19       18620853.
   3.1219451e-19       19054588.
   2.9183185e-19       19498427.
   2.7279657e-19       19952603.
   2.5500215e-19       20417359.
   2.3836778e-19       20892941.
   2.2281790e-19       21379600.
   2.0828180e-19       21877594.
   1.9469346e-19       22387189.
   1.8199112e-19       22908654.
   1.7011703e-19       23442265.
   1.5901724e-19       23988305.
   1.4864127e-19       24547065.
   1.3894194e-19       25118839.
   1.2987518e-19       25703932.
   1.2139973e-19       26302654.
   1.1347706e-19       26915321.
   1.0607114e-19       27542259.
   9.9148285e-20       28183801.
   9.2677006e-20       28840286.
   8.6627860e-20       29512063.
   8.0973331e-20       30199487.
   7.5687685e-20       30902923.
   7.0746877e-20       31622745.
   6.6128418e-20       32359333.
   6.1811291e-20       33113079.
   5.7775852e-20       33884382.
   5.4003721e-20       34673650.
   5.0477737e-20       35481303.
   4.7181843e-20       36307769.
   4.4101031e-20       37153485.
   4.1221276e-20       38018901.
   3.8529465e-20       38904475.
   3.6013337e-20       39810677.
   3.3661433e-20       40737987.
   3.1463039e-20       41686896.
   2.9408145e-20       42657909.
   2.7487386e-20       43651539.
   2.5692010e-20       44668314.
   2.4013840e-20       45708773.
   2.2445228e-20       46773467.
   2.0979023e-20       47862961.
   1.9608546e-20       48977832.
   1.8327548e-20       50118673.
   1.7130193e-20       51286086.
   1.6011019e-20       52480693.
   1.4964928e-20       53703125.
   1.3987148e-20       54954032.
   1.3073220e-20       56234075.
   1.2218976e-20       57543935.
   1.1420523e-20       58884306.
   1.0674218e-20       60255897.
   9.9766569e-21       61659437.
   9.3246576e-21       63095670.
   8.7152460e-21       64565357.
   8.1456425e-21       66069277.
   7.6132468e-21       67608229.
   7.1156306e-21       69183026.
   6.6505224e-21       70794506.
   6.2158006e-21       72443522.
   5.8094805e-21       74130948.
   5.4297072e-21       75857680.
   5.0747478e-21       77624632.
   4.7429817e-21       79432742.
   4.4328940e-21       81282968.
   4.1430690e-21       83176292.
   3.8721835e-21       85113717.
   3.6190004e-21       87096270.
   3.3823633e-21       89125002.
   3.1611917e-21       91200990.
   2.9544751e-21       93325334.
   2.7612692e-21       95499160.
   2.5806918e-21       97723622.
   2.4119177e-21       99999897.
   2.2541756e-21   1.0232919e+08
   2.1067450e-21   1.0471275e+08
   1.9689522e-21   1.0715182e+08
   1.8401673e-21   1.0964771e+08
   1.7198018e-21   1.1220173e+08
   1.6073055e-21   1.1481524e+08
   1.5021644e-21   1.1748963e+08
   1.4038977e-21   1.2022632e+08
   1.3120561e-21   1.2302675e+08
   1.2262197e-21   1.2589241e+08
   1.1459962e-21   1.2882482e+08
   1.0710187e-21   1.3182554e+08
   1.0009443e-21   1.3489615e+08
   9.3545242e-22   1.3803828e+08
   8.7424368e-22   1.4125361e+08
   8.1703801e-22   1.4454383e+08
   7.6357379e-22   1.4791069e+08
   7.1360645e-22   1.5135597e+08
   6.6690735e-22   1.5488150e+08
   6.2326282e-22   1.5848915e+08
   5.8247318e-22   1.6218084e+08
   5.4435179e-22   1.6595852e+08
   5.0872415e-22   1.6982419e+08
   4.7542726e-22   1.7377990e+08
   4.4430868e-22   1.7782776e+08
   4.1522596e-22   1.8196990e+08
   3.8804601e-22   1.8620852e+08
   3.6264438e-22   1.9054587e+08
   3.3890479e-22   1.9498426e+08
   3.1671852e-22   1.9952602e+08
   2.9598399e-22   2.0417358e+08
   2.7660626e-22   2.0892939e+08
   2.5849659e-22   2.1379599e+08
   2.4157200e-22   2.1877593e+08
   2.2575505e-22   2.2387188e+08
   2.1097323e-22   2.2908653e+08
   1.9715883e-22   2.3442264e+08
   1.8424859e-22   2.3988304e+08
   1.7218333e-22   2.4547063e+08
   1.6090781e-22   2.5118838e+08
   1.5037032e-22   2.5703931e+08
   1.4052261e-22   2.6302652e+08
   1.3131952e-22   2.6915320e+08
   1.2271890e-22   2.7542258e+08
   1.1468130e-22   2.8183800e+08
   1.0716991e-22   2.8840285e+08
   1.0015027e-22   2.9512061e+08
   9.3590218e-23   3.0199485e+08
   8.7459671e-23   3.0902922e+08
   8.1730521e-23   3.1622743e+08
   7.6376497e-23   3.2359332e+08
   7.1373055e-23   3.3113077e+08
   6.6697243e-23   3.3884380e+08
   6.2327622e-23   3.4673648e+08
   5.8244144e-23   3.5481301e+08
   5.4428089e-23   3.6307767e+08
   5.0861939e-23   3.7153484e+08
   4.7529346e-23   3.8018899e+08
   4.4415018e-23   3.8904473e+08
   4.1504664e-23   3.9810675e+08
   3.8784933e-23   4.0737985e+08
   3.6243347e-23   4.1686894e+08
   3.3868235e-23   4.2657907e+08
   3.1648705e-23   4.3651537e+08
   2.9574569e-23   4.4668312e+08
   2.7636303e-23   4.5708770e+08
   2.5825015e-23   4.6773464e+08
   2.4132388e-23   4.7862958e+08
   2.2550652e-23   4.8977830e+08
   2.1072546e-23   5.0118670e+08
   1.9691282e-23   5.1286084e+08
   1.8400520e-23   5.2480690e+08
   1.7194331e-23   5.3703122e+08
   1.6067177e-23   5.4954029e+08
   1.5013880e-23   5.6234072e+08
   1.4029604e-23   5.7543932e+08
   1.3109829e-23   5.8884303e+08
   1.2250328e-23   6.0255894e+08
   1.1447153e-23   6.1659434e+08
   1.0696617e-23   6.3095667e+08
   9.9952684e-24   6.4565354e+08
   9.3398867e-24   6.6069274e+08
   8.7274601e-24   6.7608225e+08
   8.1551738e-24   6.9183023e+08
   7.6203987e-24   7.0794502e+08
   7.1206774e-24   7.2443518e+08
   6.6537128e-24   7.4130945e+08
   6.2173587e-24   7.5857676e+08
   5.8096087e-24   7.7624628e+08
   5.4285897e-24   7.9432738e+08
   5.0725488e-24   8.1282964e+08
   4.7398502e-24   8.3176288e+08
   4.4289637e-24   8.5113712e+08
   4.1384598e-24   8.7096265e+08
   3.8670033e-24   8.9124998e+08
   3.6133450e-24   9.1200986e+08
   3.3763192e-24   9.3325329e+08
   3.1548352e-24   9.5499155e+08
   2.9478746e-24   9.7723617e+08
   2.7544855e-24   9.9999892e+08
   2.5737782e-24   1.0232919e+09
   2.4049216e-24   1.0471274e+09
   2.2471383e-24   1.0715181e+09
   2.0997032e-24   1.0964770e+09
   1.9619373e-24   1.1220172e+09
   1.8332070e-24   1.1481524e+09
   1.7129199e-24   1.1748963e+09
   1.6005224e-24   1.2022631e+09
   1.4954972e-24   1.2302674e+09
   1.3973610e-24   1.2589240e+09
   1.3056621e-24   1.2882482e+09
   1.2199784e-24   1.3182553e+09
   1.1399155e-24   1.3489614e+09
   1.0651048e-24   1.3803828e+09
   9.9520187e-25   1.4125360e+09
   9.2988498e-25   1.4454382e+09
   8.6885327e-25   1.4791068e+09
   8.1182568e-25   1.5135596e+09
   7.5853975e-25   1.5488149e+09
   7.0874996e-25   1.5848915e+09
   6.6222713e-25   1.6218083e+09
   6.1875691e-25   1.6595851e+09
   5.7813905e-25   1.6982418e+09
   5.4018656e-25   1.7377989e+09
   5.0472450e-25   1.7782775e+09
   4.7158963e-25   1.8196989e+09
   4.4062915e-25   1.8620851e+09
   4.1170054e-25   1.9054586e+09
   3.8467044e-25   1.9498425e+09
   3.5941435e-25   1.9952601e+09
   3.3581587e-25   2.0417357e+09
   3.1376622e-25   2.0892938e+09
   2.9316381e-25   2.1379597e+09
   2.7391368e-25   2.1877592e+09
   2.5592711e-25   2.2387187e+09
   2.3912122e-25   2.2908651e+09
   2.2341847e-25   2.3442262e+09
   2.0874652e-25   2.3988303e+09
   1.9503775e-25   2.4547062e+09
   1.8222892e-25   2.5118837e+09
   1.7026097e-25   2.5703930e+09
   1.5907873e-25   2.6302651e+09
   1.4863065e-25   2.6915318e+09
   1.3886852e-25   2.7542257e+09
   1.2974736e-25   2.8183798e+09
   1.2122506e-25   2.8840283e+09
   1.1326233e-25   2.9512060e+09
   1.0582245e-25   3.0199484e+09
   9.8871105e-26   3.0902920e+09
   9.2376216e-26   3.1622742e+09
   8.6307823e-26   3.2359330e+09
   8.0637935e-26   3.3113075e+09
   7.5340389e-26   3.3884378e+09
   7.0390743e-26   3.4673647e+09
   6.5766157e-26   3.5481300e+09
   6.1445288e-26   3.6307765e+09
   5.7408206e-26   3.7153482e+09
   5.3636274e-26   3.8018897e+09
   5.0112084e-26   3.8904471e+09
   4.6819369e-26   3.9810673e+09
   4.3742932e-26   4.0737982e+09
   4.0868572e-26   4.1686892e+09
   3.8183019e-26   4.2657904e+09
   3.5673880e-26   4.3651535e+09
   3.3329564e-26   4.4668309e+09
   3.1139252e-26   4.5708768e+09
   2.9092833e-26   4.6773462e+09
   2.7180850e-26   4.7862956e+09
   2.5394482e-26   4.8977827e+09
   2.3725474e-26   5.0118667e+09
   2.2166121e-26   5.1286081e+09
   2.0709221e-26   5.2480687e+09
   1.9348045e-26   5.3703120e+09
   1.8076305e-26   5.4954026e+09
   1.6888127e-26   5.6234070e+09
   1.5778022e-26   5.7543929e+09
   1.4740864e-26   5.8884300e+09
   1.3771858e-26   6.0255891e+09
   1.2866530e-26   6.1659431e+09
   1.2020696e-26   6.3095664e+09
   1.1230446e-26   6.4565350e+09
   1.0492131e-26   6.6069271e+09
   9.8023378e-27   6.7608222e+09
   9.1578785e-27   6.9183019e+09
   8.5557758e-27   7.0794499e+09
   7.9932456e-27   7.2443515e+09
   7.4676886e-27   7.4130941e+09
   6.9766758e-27   7.5857672e+09
   6.5179370e-27   7.7624624e+09
   6.0893514e-27   7.9432734e+09
   5.6889378e-27   8.1282960e+09
   5.3148452e-27   8.3176283e+09
   4.9653444e-27   8.5113708e+09
   4.6388184e-27   8.7096261e+09
   4.3337580e-27   8.9124993e+09
   4.0487527e-27   9.1200981e+09
   3.7824844e-27   9.3325325e+09
   3.5337213e-27   9.5499151e+09
   3.3013136e-27   9.7723611e+09
   3.0841856e-27   9.9999887e+09
   2.8813335e-27   1.0232918e+10
   2.6918191e-27   1.0471274e+10
   2.5147655e-27   1.0715181e+10
   2.3493539e-27   1.0964770e+10
   2.1948187e-27   1.1220172e+10
   2.0504454e-27   1.1481523e+10
   1.9155656e-27   1.1748962e+10
   1.7895554e-27   1.2022631e+10
   1.6718318e-27   1.2302674e+10
   1.5618499e-27   1.2589240e+10
   1.4591010e-27   1.2882481e+10
   1.3631094e-27   1.3182552e+10
   1.2734308e-27   1.3489613e+10
   1.1896504e-27   1.3803827e+10
   1.1113801e-27   1.4125359e+10
   1.0382579e-27   1.4454381e+10
   9.6994502e-28   1.4791067e+10
   9.0612548e-28   1.5135595e+10
   8.4650370e-28   1.5488149e+10
   7.9080378e-28   1.5848914e+10
   7.3876771e-28   1.6218082e+10
   6.9015459e-28   1.6595850e+10
   6.4473938e-28   1.6982417e+10
   6.0231177e-28   1.7377988e+10
   5.6267521e-28   1.7782774e+10
   5.2564627e-28   1.8196988e+10
   4.9105335e-28   1.8620850e+10
   4.5873629e-28   1.9054585e+10
   4.2854546e-28   1.9498424e+10
   4.0034091e-28   1.9952600e+10
   3.7399207e-28   2.0417356e+10
   3.4937686e-28   2.0892937e+10
   3.2638128e-28   2.1379596e+10
   3.0489876e-28   2.1877591e+10
   2.8482978e-28   2.2387186e+10
   2.6608138e-28   2.2908650e+10
   2.4856668e-28   2.3442261e+10
   2.3220453e-28   2.3988302e+10
   2.1691910e-28   2.4547061e+10
   2.0263956e-28   2.5118835e+10
   1.8929974e-28   2.5703928e+10
   1.7683782e-28   2.6302650e+10
   1.6519604e-28   2.6915317e+10
   1.5432043e-28   2.7542255e+10
   1.4416061e-28   2.8183797e+10
   1.3466946e-28   2.8840282e+10
   1.2580300e-28   2.9512058e+10
   1.1752011e-28   3.0199482e+10
   1.0978240e-28   3.0902919e+10
   1.0255401e-28   3.1622740e+10
   9.5801413e-29   3.2359328e+10
   8.9493306e-29   3.3113074e+10
   8.3600430e-29   3.3884376e+10
   7.8095472e-29   3.4673645e+10
   7.2952896e-29   3.5481298e+10
   6.8148863e-29   3.6307763e+10
   6.3661079e-29   3.7153480e+10
   5.9468744e-29   3.8018895e+10
   5.5552408e-29   3.8904469e+10
   5.1893912e-29   3.9810671e+10
   4.8476277e-29   4.0737980e+10
   4.5283657e-29   4.1686890e+10
   4.2301237e-29   4.2657902e+10
   3.9515186e-29   4.3651532e+10
   3.6912575e-29   4.4668307e+10
   3.4481332e-29   4.5708766e+10
   3.2210176e-29   4.6773460e+10
   3.0088572e-29   4.7862953e+10
   2.8106670e-29   4.8977825e+10
   2.6255273e-29   5.0118665e+10
   2.4525796e-29   5.1286078e+10
   2.2910208e-29   5.2480685e+10
   2.1401015e-29   5.3703117e+10
   1.9991208e-29   5.4954023e+10
   1.8674247e-29   5.6234067e+10
   1.7444020e-29   5.7543926e+10
   1.6294813e-29   5.8884297e+10
   1.5221295e-29   6.0255888e+10
   1.4218482e-29   6.1659428e+10
   1.3281715e-29   6.3095660e+10
   1.2406650e-29   6.4565347e+10
   1.1589223e-29   6.6069267e+10
   1.0825636e-29   6.7608218e+10
   1.0112347e-29   6.9183016e+10
   9.4460424e-30   7.0794495e+10
   8.8236285e-30   7.2443511e+10
   8.2422143e-30   7.4130937e+10
   7.6991006e-30   7.5857668e+10
   7.1917647e-30   7.7624620e+10
   6.7178505e-30   7.9432730e+10
   6.2751575e-30   8.1282956e+10
   5.8616287e-30   8.3176279e+10
   5.4753436e-30   8.5113703e+10
   5.1145078e-30   8.7096256e+10
   4.7774453e-30   8.9124989e+10
   4.4625900e-30   9.1200976e+10
   4.1684794e-30   9.3325320e+10
   3.8937470e-30   9.5499146e+10
   3.6371164e-30   9.7723606e+10
   3.3973953e-30   9.9999882e+10
   3.1734699e-30   1.0232918e+11
   2.9642994e-30   1.0471273e+11
   2.7689121e-30   1.0715180e+11
   2.5863998e-30   1.0964769e+11
   2.4159145e-30   1.1220171e+11
   2.2566640e-30   1.1481523e+11
   2.1079079e-30   1.1748962e+11
   1.9689551e-30   1.2022630e+11
   1.8391595e-30   1.2302673e+11
   1.7179177e-30   1.2589239e+11
   1.6046664e-30   1.2882480e+11
   1.4988790e-30   1.3182552e+11
   1.4000637e-30   1.3489613e+11
   1.3077612e-30   1.3803826e+11
   1.2215422e-30   1.4125359e+11
   1.1410061e-30   1.4454380e+11
   1.0657783e-30   1.4791066e+11
   9.9550905e-31   1.5135594e+11
   9.2987161e-31   1.5488148e+11
   8.6856064e-31   1.5848913e+11
   8.1129112e-31   1.6218082e+11
   7.5779682e-31   1.6595849e+11
   7.0782877e-31   1.6982416e+11
   6.6115473e-31   1.7377988e+11
   6.1755752e-31   1.7782773e+11
   5.7683440e-31   1.8196987e+11
   5.3879592e-31   1.8620849e+11
   5.0326520e-31   1.9054584e+11
   4.7007695e-31   1.9498423e+11
   4.3907672e-31   1.9952599e+11
   4.1012034e-31   2.0417355e+11
   3.8307308e-31   2.0892936e+11
   3.5780913e-31   2.1379595e+11
   3.3421091e-31   2.1877590e+11
   3.1216863e-31   2.2387184e+11
   2.9157973e-31   2.2908649e+11
   2.7234843e-31   2.3442260e+11
   2.5438518e-31   2.3988300e+11
   2.3760646e-31   2.4547060e+11
   2.2193411e-31   2.5118834e+11
   2.0729525e-31   2.5703927e+11
   1.9362173e-31   2.6302648e+11
   1.8084990e-31   2.6915316e+11
   1.6892031e-31   2.7542254e+11
   1.5777746e-31   2.8183795e+11
   1.4736945e-31   2.8840280e+11
   1.3764785e-31   2.9512057e+11
   1.2856739e-31   3.0199481e+11
   1.2008581e-31   3.0902917e+11
   1.1216363e-31   3.1622738e+11
   1.0476394e-31   3.2359327e+11
   9.7852293e-32   3.3113072e+11
   9.1396525e-32   3.3884375e+11
   8.5366563e-32   3.4673643e+11
   7.9734334e-32   3.5481296e+11
   7.4473615e-32   3.6307761e+11
   6.9559896e-32   3.7153478e+11
   6.4970302e-32   3.8018893e+11
   6.0683450e-32   3.8904467e+11
   5.6679387e-32   3.9810669e+11
   5.2939458e-32   4.0737978e+11
   4.9446241e-32   4.1686888e+11
   4.6183466e-32   4.2657900e+11
   4.3135938e-32   4.3651530e+11
   4.0289458e-32   4.4668305e+11
   3.7630769e-32   4.5708763e+11
   3.5147481e-32   4.6773457e+11
   3.2828025e-32   4.7862951e+11
   3.0661601e-32   4.8977822e+11
   2.8638107e-32   5.0118662e+11
   2.6748124e-32   5.1286076e+11
   2.4982837e-32   5.2480682e+11
   2.3334026e-32   5.3703114e+11
   2.1794006e-32   5.4954020e+11
   2.0355602e-32   5.6234064e+11
   1.9012108e-32   5.7543923e+11
   1.7757266e-32   5.8884293e+11
   1.6585226e-32   6.0255885e+11
   1.5490525e-32   6.1659425e+11
   1.4468062e-32   6.3095657e+11
   1.3513072e-32   6.4565344e+11
   1.2621102e-32   6.6069264e+11
   1.1787995e-32   6.7608215e+11
   1.1009868e-32   6.9183012e+11
   1.0283092e-32   7.0794492e+11
   9.6042811e-33   7.2443507e+11
   8.9702687e-33   7.4130933e+11
   8.3781002e-33   7.5857664e+11
   7.8250132e-33   7.7624616e+11
   7.3084304e-33   7.9432726e+11
   6.8259429e-33   8.1282952e+11
   6.3753010e-33   8.3176275e+11
   5.9544023e-33   8.5113699e+11
   5.5612854e-33   8.7096252e+11
   5.1941161e-33   8.9124984e+11
   4.8511825e-33   9.1200971e+11
   4.5308853e-33   9.3325315e+11
   4.2317308e-33   9.5499141e+11
   3.9523231e-33   9.7723601e+11
   3.6913601e-33   9.9999876e+11
   3.4476235e-33   1.0232917e+12
   3.2199769e-33   1.0471273e+12
   3.0073581e-33   1.0715180e+12
   2.8087756e-33   1.0964768e+12
   2.6233030e-33   1.1220171e+12
   2.4500750e-33   1.1481522e+12
   2.2882831e-33   1.1748961e+12
   2.1371729e-33   1.2022629e+12
   1.9960392e-33   1.2302672e+12
   1.8642233e-33   1.2589239e+12
   1.7411105e-33   1.2882480e+12
   1.6261262e-33   1.3182551e+12
   1.5187337e-33   1.3489612e+12
   1.4184320e-33   1.3803825e+12
   1.3247531e-33   1.4125358e+12
   1.2372597e-33   1.4454380e+12
   1.1555434e-33   1.4791065e+12
   1.0792230e-33   1.5135594e+12
   1.0079421e-33   1.5488147e+12
   9.4136829e-34   1.5848912e+12
   8.7919052e-34   1.6218081e+12
   8.2111871e-34   1.6595848e+12
   7.6688172e-34   1.6982415e+12
   7.1622646e-34   1.7377987e+12
   6.6891639e-34   1.7782772e+12
   6.2473071e-34   1.8196986e+12
   5.8346305e-34   1.8620848e+12
   5.4492079e-34   1.9054583e+12
   5.0892399e-34   1.9498422e+12
   4.7530453e-34   1.9952598e+12
   4.4390547e-34   2.0417354e+12
   4.1458024e-34   2.0892935e+12
   3.8719181e-34   2.1379594e+12
   3.6161239e-34   2.1877589e+12
   3.3772244e-34   2.2387183e+12
   3.1541046e-34   2.2908648e+12
   2.9457220e-34   2.3442259e+12
   2.7511036e-34   2.3988299e+12
   2.5693405e-34   2.4547058e+12
   2.3995837e-34   2.5118833e+12
   2.2410403e-34   2.5703926e+12
   2.0929695e-34   2.6302647e+12
   1.9546802e-34   2.6915314e+12
   1.8255262e-34   2.7542252e+12
   1.7049039e-34   2.8183794e+12
   1.5922501e-34   2.8840279e+12
   1.4870385e-34   2.9512055e+12
   1.3887774e-34   3.0199479e+12
   1.2970079e-34   3.0902915e+12
   1.2113010e-34   3.1622737e+12
   1.1312565e-34   3.2359325e+12
   1.0565003e-34   3.3113070e+12
   9.8668321e-35   3.3884373e+12
   9.2147880e-35   3.4673641e+12
   8.6058246e-35   3.5481294e+12
   8.0370965e-35   3.6307760e+12
   7.5059453e-35   3.7153476e+12
   7.0098889e-35   3.8018892e+12
   6.5466093e-35   3.8904465e+12
   6.1139407e-35   3.9810667e+12
   5.7098616e-35   4.0737976e+12
   5.3324826e-35   4.1686886e+12
   4.9800409e-35   4.2657898e+12
   4.6508879e-35   4.3651528e+12
   4.3434855e-35   4.4668303e+12
   4.0563965e-35   4.5708761e+12
   3.7882794e-35   4.6773455e+12
   3.5378801e-35   4.7862948e+12
   3.3040285e-35   4.8977820e+12
   3.0856311e-35   5.0118660e+12
   2.8816667e-35   5.1286073e+12
   2.6911818e-35   5.2480679e+12
   2.5132858e-35   5.3703111e+12
   2.3471470e-35   5.4954017e+12
   2.1919882e-35   5.6234061e+12
   2.0470841e-35   5.7543920e+12
   1.9117572e-35   5.8884290e+12
   1.7853743e-35   6.0255882e+12
   1.6673447e-35   6.1659422e+12
   1.5571165e-35   6.3095654e+12
   1.4541738e-35   6.4565340e+12
   1.3580353e-35   6.6069260e+12
   1.2682515e-35   6.7608211e+12
   1.1844024e-35   6.9183009e+12
   1.1060957e-35   7.0794488e+12
   1.0329652e-35   7.2443503e+12
   9.6466875e-36   7.4130929e+12
   9.0088699e-36   7.5857660e+12
   8.4132141e-36   7.7624612e+12
   7.8569349e-36   7.9432722e+12
   7.3374287e-36   8.1282947e+12
   6.8522661e-36   8.3176270e+12
   6.3991763e-36   8.5113695e+12
   5.9760399e-36   8.7096247e+12
   5.5808772e-36   8.9124979e+12
   5.2118395e-36   9.1200967e+12
   4.8671991e-36   9.3325310e+12
   4.5453444e-36   9.5499136e+12
   4.2447686e-36   9.7723596e+12
   3.9640652e-36   9.9999871e+12
   3.7019208e-36   1.0232917e+13
   3.4571089e-36   1.0471272e+13
   3.2284833e-36   1.0715179e+13
   3.0149740e-36   1.0964768e+13
   2.8155820e-36   1.1220170e+13
   2.6293738e-36   1.1481521e+13
   2.4554781e-36   1.1748960e+13
   2.2930809e-36   1.2022629e+13
   2.1414219e-36   1.2302672e+13
   1.9997913e-36   1.2589238e+13
   1.8675261e-36   1.2882479e+13
   1.7440072e-36   1.3182550e+13
   1.6286561e-36   1.3489611e+13
   1.5209330e-36   1.3803825e+13
   1.4203337e-36   1.4125357e+13
   1.3263870e-36   1.4454379e+13
   1.2386530e-36   1.4791065e+13
   1.1567212e-36   1.5135593e+13
   1.0802077e-36   1.5488146e+13
   1.0087544e-36   1.5848911e+13
   9.4202655e-37   1.6218080e+13
   8.7971186e-37   1.6595848e+13
   8.2151838e-37   1.6982414e+13
   7.6717383e-37   1.7377986e+13
   7.1642341e-37   1.7782771e+13
   6.6902966e-37   1.8196985e+13
   6.2477056e-37   1.8620847e+13
   5.8343884e-37   1.9054582e+13
   5.4484085e-37   1.9498421e+13
   5.0879587e-37   1.9952597e+13
   4.7513506e-37   2.0417353e+13
   4.4370078e-37   2.0892934e+13
   4.1434571e-37   2.1379593e+13
   3.8693241e-37   2.1877588e+13
   3.6133241e-37   2.2387182e+13
   3.3742583e-37   2.2908647e+13
   3.1510066e-37   2.3442258e+13
   2.9425232e-37   2.3988298e+13
   2.7478313e-37   2.4547057e+13
   2.5660187e-37   2.5118831e+13
   2.3962336e-37   2.5703924e+13
   2.2376804e-37   2.6302646e+13
   2.0896165e-37   2.6915313e+13
   1.9513478e-37   2.7542251e+13
   1.8222266e-37   2.8183792e+13
   1.7016476e-37   2.8840277e+13
   1.5890461e-37   2.9512054e+13
   1.4838942e-37   3.0199478e+13
   1.3856993e-37   3.0902914e+13
   1.2940010e-37   3.1622735e+13
   1.2083698e-37   3.2359323e+13
   1.1284042e-37   3.3113069e+13
   1.0537295e-37   3.3884371e+13
   9.8399548e-38   3.4673639e+13
   9.1887563e-38   3.5481292e+13
   8.5806449e-38   3.6307758e+13
   8.0127704e-38   3.7153474e+13
   7.4824719e-38   3.8018890e+13
   6.9872626e-38   3.8904463e+13
   6.5248218e-38   3.9810665e+13
   6.0929814e-38   4.0737974e+13
   5.6897163e-38   4.1686883e+13
   5.3131369e-38   4.2657896e+13
   4.9614766e-38   4.3651526e+13
   4.6330879e-38   4.4668300e+13
   4.3264303e-38   4.5708759e+13
   4.0400662e-38   4.6773452e+13
   3.7726531e-38   4.7862946e+13
   3.5229366e-38   4.8977817e+13
   3.2897463e-38   5.0118657e+13
   3.0719884e-38   5.1286071e+13
   2.8686421e-38   5.2480677e+13
   2.6787535e-38   5.3703109e+13
   2.5014324e-38   5.4954015e+13
   2.3358468e-38   5.6234058e+13
   2.1812204e-38   5.7543917e+13
   2.0368281e-38   5.8884287e+13
   1.9019925e-38   6.0255879e+13
   1.7760812e-38   6.1659418e+13
   1.6585037e-38   6.3095651e+13
   1.5487085e-38   6.4565337e+13
   1.4461805e-38   6.6069257e+13
   1.3504390e-38   6.7608208e+13
   1.2610348e-38   6.9183005e+13
   1.1775482e-38   7.0794484e+13
   1.0995881e-38   7.2443500e+13
   1.0267883e-38   7.4130925e+13
   9.5880751e-39   7.5857656e+13
   8.9532672e-39   7.7624608e+13
   8.3604815e-39   7.9432718e+13
   7.8069364e-39   8.1282943e+13
   7.2900353e-39   8.3176266e+13
   6.8073510e-39   8.5113690e+13
   6.3566219e-39   8.7096243e+13
   5.9357307e-39   8.9124975e+13
   5.5427030e-39   9.1200962e+13
   5.1756945e-39   9.3325305e+13
   4.8329831e-39   9.5499131e+13
   4.5129602e-39   9.7723591e+13
   4.2141249e-39   9.9999866e+13
   3.9350745e-39   1.0232916e+14
   3.6744988e-39   1.0471271e+14
   3.4311746e-39   1.0715179e+14
   3.2039610e-39   1.0964767e+14
   2.9917904e-39   1.1220170e+14
   2.7936679e-39   1.1481521e+14
   2.6086628e-39   1.1748960e+14
   2.4359079e-39   1.2022628e+14
   2.2745919e-39   1.2302671e+14
   2.1239551e-39   1.2589237e+14
   1.9832942e-39   1.2882478e+14
   1.8519462e-39   1.3182550e+14
   1.7292962e-39   1.3489611e+14
   1.6147681e-39   1.3803824e+14
   1.5078224e-39   1.4125356e+14
   1.4079588e-39   1.4454378e+14
   1.3147094e-39   1.4791064e+14
   1.2276341e-39   1.5135592e+14
   1.1463238e-39   1.5488145e+14
   1.0703986e-39   1.5848911e+14
   9.9950275e-40   1.6218079e+14
   9.3329981e-40   1.6595847e+14
   8.7148293e-40   1.6982414e+14
   8.1375784e-40   1.7377985e+14
   7.5985689e-40   1.7782770e+14
   7.0952506e-40   1.8196984e+14
   6.6252691e-40   1.8620846e+14
   6.1864244e-40   1.9054581e+14
   5.7766287e-40   1.9498420e+14
   5.3939761e-40   1.9952596e+14
   5.0366731e-40   2.0417352e+14
   4.7030239e-40   2.0892933e+14
   4.3914732e-40   2.1379592e+14
   4.1005636e-40   2.1877587e+14
   3.8289219e-40   2.2387181e+14
   3.5752729e-40   2.2908645e+14
   3.3384254e-40   2.3442256e+14
   3.1172585e-40   2.3988297e+14
   2.9107491e-40   2.4547056e+14
   2.7179165e-40   2.5118830e+14
   2.5378496e-40   2.5703923e+14
   2.3697218e-40   2.6302644e+14
   2.2127203e-40   2.6915311e+14
   2.0661165e-40   2.7542250e+14
   1.9292377e-40   2.8183791e+14
   1.8014112e-40   2.8840276e+14
   1.6820626e-40   2.9512052e+14
   1.5706174e-40   3.0199476e+14
   1.4665569e-40   3.0902912e+14
   1.3693909e-40   3.1622733e+14
   1.2786568e-40   3.2359322e+14
   1.1939343e-40   3.3113067e+14
   1.1148170e-40   3.3884369e+14
   1.0409546e-40   3.4673638e+14
   9.7198265e-41   3.5481290e+14
   9.0757898e-41   3.6307756e+14
   8.4743525e-41   3.7153472e+14
   7.9128522e-41   3.8018888e+14
   7.3884863e-41   3.8904461e+14
   6.8988726e-41   3.9810663e+14
   6.4417690e-41   4.0737972e+14
   6.0149335e-41   4.1686881e+14
   5.6162641e-41   4.2657893e+14
   5.2440792e-41   4.3651523e+14
   4.8965572e-41   4.4668298e+14
   4.5721566e-41   4.5708756e+14
   4.2690558e-41   4.6773450e+14
   3.9861336e-41   4.7862944e+14
   3.7219889e-41   4.8977815e+14
   3.4753603e-41   5.0118654e+14
   3.2449869e-41   5.1286068e+14
   3.0300277e-41   5.2480674e+14
   2.8292216e-41   5.3703106e+14
   2.6417279e-41   5.4954012e+14
   2.4665656e-41   5.6234055e+14
   2.3031742e-41   5.7543914e+14
   2.1504326e-41   5.8884284e+14
   2.0079206e-41   6.0255876e+14
   1.8747972e-41   6.1659415e+14
   1.7506422e-41   6.3095647e+14
   1.6346147e-41   6.4565334e+14
   1.5261542e-41   6.6069254e+14
   1.4251205e-41   6.7608204e+14
   1.3305329e-41   6.9183002e+14
   1.2423912e-41   7.0794481e+14
   1.1599949e-41   7.2443496e+14
   1.0832037e-41   7.4130922e+14
   1.0113171e-41   7.5857653e+14
   9.4433504e-42   7.7624604e+14
   8.8169699e-42   7.9432714e+14
   8.2326285e-42   8.1282939e+14
   7.6875234e-42   8.3176262e+14
   7.1774507e-42   8.5113686e+14
   6.7010093e-42   8.7096238e+14
   6.2567976e-42   8.9124970e+14
   5.8420133e-42   9.1200957e+14
   5.4552549e-42   9.3325301e+14
   5.0937199e-42   9.5499126e+14
   4.7560070e-42   9.7723586e+14
   4.4407148e-42   9.9999861e+14
   4.1464422e-42   1.0232916e+15
   3.8717877e-42   1.0471271e+15
   3.6153500e-42   1.0715178e+15
   3.3757280e-42   1.0964767e+15
   3.1515202e-42   1.1220169e+15
   2.9427268e-42   1.1481520e+15
   2.7479463e-42   1.1748959e+15
   2.5657775e-42   1.2022628e+15
   2.3948191e-42   1.2302671e+15
   2.2364723e-42   1.2589237e+15
   2.0879347e-42   1.2882478e+15
   1.9492062e-42   1.3182549e+15
   1.8202867e-42   1.3489610e+15
   1.6997750e-42   1.3803823e+15
   1.5862699e-42   1.4125356e+15
   1.4811725e-42   1.4454378e+15
   1.3830816e-42   1.4791063e+15
   1.2919972e-42   1.5135591e+15
   1.2065180e-42   1.5488145e+15
   1.1266440e-42   1.5848910e+15
   1.0509738e-42   1.6218078e+15
   9.8231022e-43   1.6595846e+15
   9.1644920e-43   1.6982413e+15
   8.5619336e-43   1.7377984e+15
   7.9874012e-43   1.7782769e+15
   7.4549078e-43   1.8196983e+15
   6.9644534e-43   1.8620845e+15
   6.5020249e-43   1.9054580e+15
   6.0676224e-43   1.9498419e+15
   5.6752588e-43   1.9952595e+15
   5.2969082e-43   2.0417351e+15
   4.9465836e-43   2.0892932e+15
   4.6102719e-43   2.1379591e+15
   4.3159993e-43   2.1877585e+15
   4.0217266e-43   2.2387180e+15
   3.7554799e-43   2.2908644e+15
   3.5032462e-43   2.3442255e+15
   3.2790384e-43   2.3988295e+15
   3.0548307e-43   2.4547055e+15
   2.8586489e-43   2.5118829e+15
   2.6624671e-43   2.5703922e+15
   2.4943113e-43   2.6302643e+15
   2.3261555e-43   2.6915310e+15
   2.1720126e-43   2.7542248e+15
   2.0318828e-43   2.8183789e+15
   1.8917529e-43   2.8840274e+15
   1.7656361e-43   2.9512051e+15
   1.6535322e-43   3.0199474e+15
   1.5414283e-43   3.0902911e+15
   1.4433374e-43   3.1622732e+15
   1.3452465e-43   3.2359320e+15
   1.2471556e-43   3.3113065e+15
   1.1630777e-43   3.3884368e+15
   1.0930128e-43   3.4673636e+15
   1.0229479e-43   3.5481289e+15
   9.5288296e-44   3.6307754e+15
   8.8281803e-44   3.7153470e+15
   8.2676609e-44   3.8018886e+15
   7.7071416e-44   3.8904459e+15
   7.2867520e-44   3.9810661e+15
   6.7262326e-44   4.0737970e+15
   6.3058431e-44   4.1686879e+15
   5.8854536e-44   4.2657891e+15
   5.4650640e-44   4.3651521e+15
   5.1848043e-44   4.4668296e+15
   4.7644148e-44   4.5708754e+15
   4.4841551e-44   4.6773448e+15
   4.2038954e-44   4.7862941e+15
   3.9236357e-44   4.8977812e+15
   3.6433760e-44   5.0118652e+15
   3.3631163e-44   5.1286065e+15
   3.2229865e-44   5.2480671e+15
   2.9427268e-44   5.3703103e+15
   2.8025969e-44   5.4954009e+15
   2.5223372e-44   5.6234052e+15
   2.3822074e-44   5.7543912e+15
   2.2420775e-44   5.8884281e+15
   2.1019477e-44   6.0255872e+15
   1.9618179e-44   6.1659412e+15
   1.8216880e-44   6.3095644e+15
   1.6815582e-44   6.4565330e+15
   1.5414283e-44   6.6069250e+15
   1.5414283e-44   6.7608201e+15
   1.4012985e-44   6.9182998e+15
   1.2611686e-44   7.0794477e+15
   1.2611686e-44   7.2443492e+15
   1.1210388e-44   7.4130918e+15
   1.1210388e-44   7.5857649e+15
   9.8090893e-45   7.7624600e+15
   9.8090893e-45   7.9432709e+15
   8.4077908e-45   8.1282935e+15
   8.4077908e-45   8.3176258e+15
   7.0064923e-45   8.5113681e+15
   7.0064923e-45   8.7096234e+15
   7.0064923e-45   8.9124966e+15
   5.6051939e-45   9.1200953e+15
   5.6051939e-45   9.3325296e+15
   5.6051939e-45   9.5499121e+15
   5.6051939e-45   9.7723581e+15
   4.2038954e-45   9.9999856e+15
   4.2038954e-45   1.0232915e+16
   4.2038954e-45   1.0471270e+16
   4.2038954e-45   1.0715178e+16
   4.2038954e-45   1.0964766e+16
   2.8025969e-45   1.1220168e+16
   2.8025969e-45   1.1481520e+16
   2.8025969e-45   1.1748959e+16
   2.8025969e-45   1.2022627e+16
   2.8025969e-45   1.2302670e+16
   2.8025969e-45   1.2589236e+16
   2.8025969e-45   1.2882477e+16
   1.4012985e-45   1.3182548e+16
   1.4012985e-45   1.3489609e+16
   1.4012985e-45   1.3803823e+16
   1.4012985e-45   1.4125355e+16
   1.4012985e-45   1.4454377e+16
   1.4012985e-45   1.4791062e+16
   1.4012985e-45   1.5135591e+16
   1.4012985e-45   1.5488144e+16
   1.4012985e-45   1.5848909e+16
   1.4012985e-45   1.6218077e+16
   1.4012985e-45   1.6595845e+16
   1.4012985e-45   1.6982412e+16
   1.4012985e-45   1.7377983e+16
   1.4012985e-45   1.7782768e+16
   1.4012985e-45   1.8196982e+16
   1.4012985e-45   1.8620844e+16
       0.0000000   1.9054579e+16
       0.0000000   1.9498418e+16
       0.0000000   1.9952594e+16
       0.0000000   2.0417350e+16
       0.0000000   2.0892931e+16
       0.0000000   2.1379590e+16
       0.0000000   2.1877584e+16
       0.0000000   2.2387179e+16
       0.0000000   2.2908643e+16
       0.0000000   2.3442254e+16
       0.0000000   2.3988294e+16
       0.0000000   2.4547053e+16
       0.0000000   2.5118828e+16
       0.0000000   2.5703920e+16
       0.0000000   2.6302641e+16
       0.0000000   2.6915309e+16
       0.0000000   2.7542247e+16
       0.0000000   2.8183788e+16
       0.0000000   2.8840273e+16
       0.0000000   2.9512049e+16
       0.0000000   3.0199473e+16
       0.0000000   3.0902909e+16
       0.0000000   3.1622730e+16
       0.0000000   3.2359318e+16
       0.0000000   3.3113064e+16
       0.0000000   3.3884366e+16
       0.0000000   3.4673634e+16
       0.0000000   3.5481287e+16
       0.0000000   3.6307752e+16
       0.0000000   3.7153468e+16
       0.0000000   3.8018884e+16
       0.0000000   3.8904457e+16
       0.0000000   3.9810658e+16
       0.0000000   4.0737968e+16
       0.0000000   4.1686877e+16
       0.0000000   4.2657889e+16
       0.0000000   4.3651519e+16
       0.0000000   4.4668293e+16
       0.0000000   4.5708752e+16
       0.0000000   4.6773445e+16
       0.0000000   4.7862939e+16
       0.0000000   4.8977810e+16
       0.0000000   5.0118649e+16
       0.0000000   5.1286063e+16
       0.0000000   5.2480668e+16
       0.0000000   5.3703100e+16
       0.0000000   5.4954006e+16
       0.0000000   5.6234049e+16
       0.0000000   5.7543909e+16
       0.0000000   5.8884278e+16
       0.0000000   6.0255869e+16
       0.0000000   6.1659409e+16
       0.0000000   6.3095641e+16
       0.0000000   6.4565327e+16
       0.0000000   6.6069247e+16
       0.0000000   6.7608197e+16
       0.0000000   6.9182994e+16
       0.0000000   7.0794473e+16
       0.0000000   7.2443488e+16
       0.0000000   7.4130914e+16
       0.0000000   7.5857645e+16
       0.0000000   7.7624596e+16
       0.0000000   7.9432705e+16
       0.0000000   8.1282931e+16
       0.0000000   8.3176253e+16
       0.0000000   8.5113677e+16
       0.0000000   8.7096229e+16
       0.0000000   8.9124961e+16
       0.0000000   9.1200948e+16
       0.0000000   9.3325291e+16
       0.0000000   9.5499116e+16
       0.0000000   9.7723576e+16
       0.0000000   9.9999851e+16
       0.0000000   1.0232915e+17
       0.0000000   1.0471270e+17
       0.0000000   1.0715177e+17
       0.0000000   1.0964766e+17
       0.0000000   1.1220168e+17
       0.0000000   1.1481519e+17
       0.0000000   1.1748958e+17
       0.0000000   1.2022626e+17
       0.0000000   1.2302669e+17
       0.0000000   1.2589235e+17
       0.0000000   1.2882476e+17
       0.0000000   1.3182548e+17
       0.0000000   1.3489609e+17
       0.0000000   1.3803822e+17
       0.0000000   1.4125354e+17
       0.0000000   1.4454376e+17
       0.0000000   1.4791062e+17
       0.0000000   1.5135590e+17
       0.0000000   1.5488143e+17
       0.0000000   1.5848908e+17
       0.0000000   1.6218077e+17
       0.0000000   1.6595844e+17
       0.0000000   1.6982411e+17
       0.0000000   1.7377982e+17
       0.0000000   1.7782767e+17
       0.0000000   1.8196981e+17
       0.0000000   1.8620843e+17
       0.0000000   1.9054578e+17
       0.0000000   1.9498417e+17
       0.0000000   1.9952593e+17
       0.0000000   2.0417349e+17
       0.0000000   2.0892930e+17
       0.0000000   2.1379589e+17
       0.0000000   2.1877583e+17
       0.0000000   2.2387178e+17
       0.0000000   2.2908642e+17
       0.0000000   2.3442253e+17
       0.0000000   2.3988293e+17
       0.0000000   2.4547052e+17
       0.0000000   2.5118826e+17
       0.0000000   2.5703919e+17
       0.0000000   2.6302640e+17
       0.0000000   2.6915307e+17
       0.0000000   2.7542245e+17
       0.0000000   2.8183787e+17
       0.0000000   2.8840271e+17
       0.0000000   2.9512048e+17
       0.0000000   3.0199471e+17
       0.0000000   3.0902907e+17
       0.0000000   3.1622729e+17
       0.0000000   3.2359317e+17
       0.0000000   3.3113062e+17
       0.0000000   3.3884364e+17
       0.0000000   3.4673632e+17
       0.0000000   3.5481285e+17
       0.0000000   3.6307750e+17
       0.0000000   3.7153466e+17
       0.0000000   3.8018882e+17
       0.0000000   3.8904455e+17
       0.0000000   3.9810656e+17
       0.0000000   4.0737966e+17
       0.0000000   4.1686875e+17
       0.0000000   4.2657887e+17
       0.0000000   4.3651517e+17
       0.0000000   4.4668291e+17
       0.0000000   4.5708749e+17
       0.0000000   4.6773443e+17
       0.0000000   4.7862936e+17
       0.0000000   4.8977807e+17
       0.0000000   5.0118647e+17
       0.0000000   5.1286060e+17
       0.0000000   5.2480666e+17
       0.0000000   5.3703097e+17
       0.0000000   5.4954003e+17
       0.0000000   5.6234046e+17
       0.0000000   5.7543906e+17
       0.0000000   5.8884275e+17
       0.0000000   6.0255866e+17
       0.0000000   6.1659406e+17
       0.0000000   6.3095638e+17
       0.0000000   6.4565324e+17
       0.0000000   6.6069243e+17
       0.0000000   6.7608194e+17
       0.0000000   6.9182991e+17
       0.0000000   7.0794470e+17
       0.0000000   7.2443485e+17
       0.0000000   7.4130910e+17
       0.0000000   7.5857641e+17
       0.0000000   7.7624592e+17
       0.0000000   7.9432701e+17
       0.0000000   8.1282926e+17
       0.0000000   8.3176249e+17
       0.0000000   8.5113673e+17
       0.0000000   8.7096225e+17
       0.0000000   8.9124956e+17
       0.0000000   9.1200943e+17
       0.0000000   9.3325286e+17
       0.0000000   9.5499111e+17
       0.0000000   9.7723571e+17
       0.0000000   9.9999846e+17
