    0.0450000
     0.250000
     0.730000
      1.00000
     0.900000
   5.6002459e-06   1.0000000e-12
   5.7306006e-06   1.0232930e-12
   5.8641172e-06   1.0471285e-12
   6.0007242e-06   1.0715193e-12
   6.1405440e-06   1.0964782e-12
   6.2835024e-06   1.1220185e-12
   6.4299102e-06   1.1481536e-12
   6.5796908e-06   1.1748976e-12
   6.7329579e-06   1.2022644e-12
   6.8896302e-06   1.2302688e-12
   7.0502065e-06   1.2589254e-12
   7.2144071e-06   1.2882495e-12
   7.3825336e-06   1.3182567e-12
   7.5544954e-06   1.3489629e-12
   7.7303957e-06   1.3803843e-12
   7.9105293e-06   1.4125375e-12
   8.0948012e-06   1.4454398e-12
   8.2833049e-06   1.4791084e-12
   8.4761368e-06   1.5135612e-12
   8.6735809e-06   1.5488166e-12
   8.8757270e-06   1.5848932e-12
   9.0824669e-06   1.6218101e-12
   9.2938863e-06   1.6595869e-12
   9.5104524e-06   1.6982436e-12
   9.7320517e-06   1.7378008e-12
   9.9587596e-06   1.7782794e-12
   1.0190651e-05   1.8197008e-12
   1.0427990e-05   1.8620871e-12
   1.0670843e-05   1.9054607e-12
   1.0919471e-05   1.9498446e-12
   1.1173741e-05   1.9952623e-12
   1.1434099e-05   2.0417379e-12
   1.1700407e-05   2.0892961e-12
   1.1972913e-05   2.1379621e-12
   1.2251859e-05   2.1877616e-12
   1.2537290e-05   2.2387211e-12
   1.2829249e-05   2.2908676e-12
   1.3128163e-05   2.3442288e-12
   1.3433873e-05   2.3988329e-12
   1.3746800e-05   2.4547089e-12
   1.4066968e-05   2.5118864e-12
   1.4394598e-05   2.5703957e-12
   1.4729902e-05   2.6302679e-12
   1.5073091e-05   2.6915347e-12
   1.5424175e-05   2.7542286e-12
   1.5783358e-05   2.8183829e-12
   1.6151031e-05   2.8840314e-12
   1.6527381e-05   2.9512092e-12
   1.6912216e-05   3.0199516e-12
   1.7306102e-05   3.0902954e-12
   1.7709219e-05   3.1622776e-12
   1.8121742e-05   3.2359365e-12
   1.8543837e-05   3.3113111e-12
   1.8975865e-05   3.3884415e-12
   1.9417788e-05   3.4673684e-12
   1.9870147e-05   3.5481338e-12
   2.0333091e-05   3.6307804e-12
   2.0806567e-05   3.7153522e-12
   2.1291295e-05   3.8018938e-12
   2.1787208e-05   3.8904513e-12
   2.2294627e-05   3.9810716e-12
   2.2814058e-05   4.0738027e-12
   2.3345419e-05   4.1686937e-12
   2.3889203e-05   4.2657950e-12
   2.4445702e-05   4.3651582e-12
   2.5015010e-05   4.4668358e-12
   2.5597794e-05   4.5708817e-12
   2.6193937e-05   4.6773513e-12
   2.6804093e-05   4.7863008e-12
   2.7428521e-05   4.8977880e-12
   2.8067276e-05   5.0118722e-12
   2.8721181e-05   5.1286137e-12
   2.9390085e-05   5.2480744e-12
   3.0074794e-05   5.3703178e-12
   3.0775333e-05   5.4954085e-12
   3.1492105e-05   5.6234130e-12
   3.2225704e-05   5.7543991e-12
   3.2976313e-05   5.8884363e-12
   3.3744320e-05   6.0255956e-12
   3.4530469e-05   6.1659498e-12
   3.5334739e-05   6.3095732e-12
   3.6157668e-05   6.4565420e-12
   3.6999983e-05   6.6069342e-12
   3.7861824e-05   6.7608295e-12
   3.8743696e-05   6.9183094e-12
   3.9646293e-05   7.0794575e-12
   4.0569725e-05   7.2443593e-12
   4.1514657e-05   7.4131021e-12
   4.2481755e-05   7.5857754e-12
   4.3471286e-05   7.7624708e-12
   4.4483684e-05   7.9432820e-12
   4.5519966e-05   8.1283048e-12
   4.6580168e-05   8.3176373e-12
   4.7665275e-05   8.5113800e-12
   4.8775484e-05   8.7096355e-12
   4.9911567e-05   8.9125089e-12
   5.1074276e-05   9.1201079e-12
   5.2263964e-05   9.3325425e-12
   5.3481159e-05   9.5499254e-12
   5.4726966e-05   9.7723717e-12
   5.6001689e-05   9.9999995e-12
   5.7306203e-05   1.0232929e-11
   5.8640981e-05   1.0471285e-11
   6.0006860e-05   1.0715192e-11
   6.1404673e-05   1.0964781e-11
   6.2835024e-05   1.1220184e-11
   6.4298525e-05   1.1481536e-11
   6.5796332e-05   1.1748975e-11
   6.7328809e-05   1.2022644e-11
   6.8897272e-05   1.2302687e-11
   7.0502065e-05   1.2589253e-11
   7.2144270e-05   1.2882495e-11
   7.3824755e-05   1.3182567e-11
   7.5544180e-05   1.3489628e-11
   7.7303965e-05   1.3803842e-11
   7.9104524e-05   1.4125375e-11
   8.0947240e-05   1.4454397e-11
   8.2832667e-05   1.4791083e-11
   8.4762149e-05   1.5135612e-11
   8.6736400e-05   1.5488165e-11
   8.8756693e-05   1.5848931e-11
   9.0824091e-05   1.6218100e-11
   9.2939830e-05   1.6595868e-11
   9.5104529e-05   1.6982435e-11
   9.7319935e-05   1.7378007e-11
   9.9586832e-05   1.7782793e-11
   0.00010190632   1.8197007e-11
   0.00010428009   1.8620870e-11
   0.00010670922   1.9054606e-11
   0.00010919471   1.9498445e-11
   0.00011173818   1.9952622e-11
   0.00011434080   2.0417378e-11
   0.00011700427   2.0892960e-11
   0.00011972953   2.1379619e-11
   0.00012251840   2.1877615e-11
   0.00012537233   2.2387210e-11
   0.00012829249   2.2908675e-11
   0.00013128086   2.3442287e-11
   0.00013433874   2.3988327e-11
   0.00013746800   2.4547087e-11
   0.00014067008   2.5118863e-11
   0.00014394657   2.5703956e-11
   0.00014729961   2.6302678e-11
   0.00015073072   2.6915346e-11
   0.00015424157   2.7542285e-11
   0.00015783437   2.8183827e-11
   0.00016151069   2.8840313e-11
   0.00016527285   2.9512090e-11
   0.00016912255   3.0199515e-11
   0.00017306200   3.0902952e-11
   0.00017709298   3.1622774e-11
   0.00018121800   3.2359363e-11
   0.00018543916   3.3113110e-11
   0.00018975865   3.3884413e-11
   0.00019417866   3.4673682e-11
   0.00019870167   3.5481336e-11
   0.00020332995   3.6307803e-11
   0.00020806627   3.7153520e-11
   0.00021291275   3.8018937e-11
   0.00021787209   3.8904511e-11
   0.00022294687   3.9810714e-11
   0.00022814001   4.0738024e-11
   0.00023345419   4.1686935e-11
   0.00023889203   4.2657948e-11
   0.00024445646   4.3651580e-11
   0.00025015051   4.4668355e-11
   0.00025597736   4.5708815e-11
   0.00026193977   4.6773510e-11
   0.00026804116   4.7863005e-11
   0.00027428466   4.8977878e-11
   0.00028067356   5.0118719e-11
   0.00028721124   5.1286134e-11
   0.00029390125   5.2480741e-11
   0.00030074717   5.3703175e-11
   0.00030775237   5.4954082e-11
   0.00031492088   5.6234127e-11
   0.00032225647   5.7543989e-11
   0.00032976278   5.8884360e-11
   0.00033744378   6.0255953e-11
   0.00034530394   6.1659495e-11
   0.00035334702   6.3095729e-11
   0.00036157767   6.4565417e-11
   0.00036999988   6.6069339e-11
   0.00037861825   6.7608291e-11
   0.00038743735   6.9183091e-11
   0.00039646198   7.0794572e-11
   0.00040569669   7.2443589e-11
   0.00041514658   7.4131017e-11
   0.00042481662   7.5857750e-11
   0.00043471190   7.7624704e-11
   0.00044483764   7.9432816e-11
   0.00045519930   8.1283044e-11
   0.00046580209   8.3176369e-11
   0.00047665217   8.5113795e-11
   0.00048775467   8.7096350e-11
   0.00049911608   8.9125085e-11
   0.00051074201   9.1201075e-11
   0.00052263867   9.3325421e-11
   0.00053481240   9.5499249e-11
   0.00054726988   9.7723712e-11
   0.00056001730   9.9999990e-11
   0.00057306187   1.0232929e-10
   0.00058641023   1.0471284e-10
   0.00060006941   1.0715192e-10
   0.00061404693   1.0964781e-10
   0.00062834990   1.1220183e-10
   0.00064298604   1.1481535e-10
   0.00065796310   1.1748974e-10
   0.00067328906   1.2022643e-10
   0.00068897184   1.2302686e-10
   0.00070502015   1.2589253e-10
   0.00072144216   1.2882494e-10
   0.00073824660   1.3182566e-10
   0.00075544266   1.3489627e-10
   0.00077303912   1.3803841e-10
   0.00079104549   1.4125374e-10
   0.00080947141   1.4454396e-10
   0.00082832633   1.4791082e-10
   0.00084762054   1.5135611e-10
   0.00086736423   1.5488164e-10
   0.00088756776   1.5848930e-10
   0.00090824178   1.6218099e-10
   0.00092939759   1.6595867e-10
   0.00095104589   1.6982435e-10
   0.00097319868   1.7378006e-10
   0.00099586742   1.7782792e-10
    0.0010190641   1.8197006e-10
    0.0010428012   1.8620869e-10
    0.0010670910   1.9054605e-10
    0.0010919468   1.9498444e-10
    0.0011173815   1.9952621e-10
    0.0011434086   2.0417377e-10
    0.0011700421   2.0892959e-10
    0.0011972958   2.1379618e-10
    0.0012251844   2.1877614e-10
    0.0012537227   2.2387209e-10
    0.0012829256   2.2908674e-10
    0.0013128089   2.3442285e-10
    0.0013433881   2.3988326e-10
    0.0013746796   2.4547086e-10
    0.0014067000   2.5118861e-10
    0.0014394663   2.5703955e-10
    0.0014729957   2.6302677e-10
    0.0015073064   2.6915345e-10
    0.0015424161   2.7542284e-10
    0.0015783433   2.8183826e-10
    0.0016151078   2.8840311e-10
    0.0016527285   2.9512089e-10
    0.0016912255   3.0199513e-10
    0.0017306191   3.0902950e-10
    0.0017709305   3.1622773e-10
    0.0018121807   3.2359362e-10
    0.0018543919   3.3113108e-10
    0.0018975860   3.3884411e-10
    0.0019417865   3.4673681e-10
    0.0019870165   3.5481334e-10
    0.0020333002   3.6307801e-10
    0.0020806617   3.7153518e-10
    0.0021291268   3.8018935e-10
    0.0021787204   3.8904509e-10
    0.0022294694   3.9810712e-10
    0.0022814001   4.0738022e-10
    0.0023345409   4.1686933e-10
    0.0023889195   4.2657946e-10
    0.0024445644   4.3651577e-10
    0.0025015057   4.4668353e-10
    0.0025597732   4.5708813e-10
    0.0026193981   4.6773508e-10
    0.0026804116   4.7863003e-10
    0.0027428463   4.8977875e-10
    0.0028067355   5.0118716e-10
    0.0028721127   5.1286131e-10
    0.0029390128   5.2480739e-10
    0.0030074713   5.3703172e-10
    0.0030775242   5.4954080e-10
    0.0031492091   5.6234125e-10
    0.0032225635   5.7543986e-10
    0.0032976267   5.8884357e-10
    0.0033744383   6.0255950e-10
    0.0034530389   6.1659491e-10
    0.0035334707   6.3095725e-10
    0.0036157756   6.4565414e-10
    0.0036999981   6.6069335e-10
    0.0037861820   6.7608288e-10
    0.0038743734   6.9183087e-10
    0.0039646192   7.0794568e-10
    0.0040569669   7.2443585e-10
    0.0041514658   7.4131013e-10
    0.0042481660   7.5857746e-10
    0.0043471185   7.7624700e-10
    0.0044483757   7.9432812e-10
    0.0045519918   8.1283039e-10
    0.0046580215   8.3176365e-10
    0.0047665206   8.5113791e-10
    0.0048775473   8.7096346e-10
    0.0049911598   8.9125080e-10
    0.0051074186   9.1201070e-10
    0.0052263862   9.3325416e-10
    0.0053481241   9.5499244e-10
    0.0054726978   9.7723707e-10
    0.0056001735   9.9999985e-10
    0.0057306183   1.0232928e-09
    0.0058641015   1.0471284e-09
    0.0060006939   1.0715191e-09
    0.0061404682   1.0964780e-09
    0.0062834979   1.1220183e-09
    0.0064298594   1.1481534e-09
    0.0065796301   1.1748974e-09
    0.0067328895   1.2022642e-09
    0.0068897186   1.2302686e-09
    0.0070502004   1.2589252e-09
    0.0072144209   1.2882493e-09
    0.0073824665   1.3182565e-09
    0.0075544259   1.3489627e-09
    0.0077303913   1.3803840e-09
    0.0079104556   1.4125373e-09
    0.0080947131   1.4454395e-09
    0.0082832631   1.4791081e-09
    0.0084762052   1.5135610e-09
    0.0086736418   1.5488164e-09
    0.0088756764   1.5848929e-09
    0.0090824179   1.6218098e-09
    0.0092939744   1.6595866e-09
    0.0095104584   1.6982434e-09
    0.0097319856   1.7378005e-09
    0.0099586733   1.7782791e-09
     0.010190640   1.8197006e-09
     0.010428010   1.8620868e-09
     0.010670911   1.9054604e-09
     0.010919468   1.9498443e-09
     0.011173815   1.9952620e-09
     0.011434086   2.0417376e-09
     0.011700421   2.0892958e-09
     0.011972958   2.1379617e-09
     0.012251844   2.1877612e-09
     0.012537226   2.2387208e-09
     0.012829255   2.2908673e-09
     0.013128087   2.3442284e-09
     0.013433879   2.3988325e-09
     0.013746795   2.4547085e-09
     0.014066999   2.5118860e-09
     0.014394661   2.5703953e-09
     0.014729956   2.6302675e-09
     0.015073061   2.6915343e-09
     0.015424157   2.7542282e-09
     0.015783433   2.8183824e-09
     0.016151076   2.8840310e-09
     0.016527282   2.9512087e-09
     0.016912252   3.0199512e-09
     0.017306190   3.0902949e-09
     0.017709302   3.1622771e-09
     0.018121805   3.2359360e-09
     0.018543916   3.3113106e-09
     0.018975860   3.3884409e-09
     0.019417863   3.4673679e-09
     0.019870164   3.5481332e-09
     0.020333000   3.6307799e-09
     0.020806616   3.7153516e-09
     0.021291263   3.8018933e-09
     0.021787200   3.8904507e-09
     0.022294689   3.9810710e-09
     0.022814000   4.0738020e-09
     0.023345405   4.1686931e-09
     0.023889190   4.2657944e-09
     0.024445642   4.3651575e-09
     0.025015052   4.4668351e-09
     0.025597729   4.5708810e-09
     0.026193976   4.6773505e-09
     0.026804112   4.7863000e-09
     0.027428459   4.8977873e-09
     0.028067350   5.0118714e-09
     0.028721124   5.1286129e-09
     0.029390125   5.2480736e-09
     0.030074708   5.3703169e-09
     0.030775238   5.4954077e-09
     0.031492084   5.6234122e-09
     0.032225631   5.7543983e-09
     0.032976262   5.8884354e-09
     0.033744376   6.0255947e-09
     0.034530383   6.1659488e-09
     0.035334699   6.3095722e-09
     0.036157750   6.4565410e-09
     0.036999971   6.6069332e-09
     0.037861813   6.7608284e-09
     0.038743727   6.9183083e-09
     0.039646186   7.0794564e-09
     0.040569663   7.2443582e-09
     0.041514650   7.4131009e-09
     0.042481650   7.5857742e-09
     0.043471176   7.7624696e-09
     0.044483751   7.9432808e-09
     0.045519911   8.1283035e-09
     0.046580203   8.3176360e-09
     0.047665197   8.5113787e-09
     0.048775461   8.7096341e-09
     0.049911588   8.9125076e-09
     0.051074177   9.1201065e-09
     0.052263848   9.3325411e-09
     0.053481229   9.5499239e-09
     0.054726966   9.7723702e-09
     0.056001719   9.9999979e-09
     0.057306167   1.0232928e-08
     0.058640998   1.0471283e-08
     0.060006924   1.0715191e-08
     0.061404664   1.0964780e-08
     0.062834963   1.1220182e-08
     0.064298578   1.1481534e-08
     0.065796278   1.1748973e-08
     0.067328870   1.2022642e-08
     0.068897165   1.2302685e-08
     0.070501983   1.2589251e-08
     0.072144188   1.2882493e-08
     0.073824637   1.3182565e-08
     0.075544238   1.3489626e-08
     0.077303886   1.3803840e-08
     0.079104520   1.4125372e-08
     0.080947101   1.4454395e-08
     0.082832605   1.4791081e-08
     0.084762022   1.5135609e-08
     0.086736381   1.5488163e-08
     0.088756733   1.5848928e-08
     0.090824142   1.6218097e-08
     0.092939705   1.6595865e-08
     0.095104545   1.6982433e-08
     0.097319819   1.7378004e-08
     0.099586688   1.7782790e-08
      0.10190636   1.8197005e-08
      0.10428006   1.8620867e-08
      0.10670906   1.9054603e-08
      0.10919462   1.9498442e-08
      0.11173809   1.9952619e-08
      0.11434080   2.0417375e-08
      0.11700414   2.0892957e-08
      0.11972952   2.1379616e-08
      0.12251838   2.1877611e-08
      0.12537220   2.2387206e-08
      0.12829249   2.2908671e-08
      0.13128079   2.3442283e-08
      0.13433872   2.3988324e-08
      0.13746788   2.4547084e-08
      0.14066991   2.5118859e-08
      0.14394653   2.5703952e-08
      0.14729947   2.6302674e-08
      0.15073052   2.6915342e-08
      0.15424147   2.7542281e-08
      0.15783422   2.8183823e-08
      0.16151065   2.8840308e-08
      0.16527271   2.9512085e-08
      0.16912240   3.0199510e-08
      0.17306177   3.0902947e-08
      0.17709289   3.1622769e-08
      0.18121791   3.2359358e-08
      0.18543902   3.3113104e-08
      0.18975845   3.3884408e-08
      0.19417848   3.4673677e-08
      0.19870147   3.5481331e-08
      0.20332982   3.6307797e-08
      0.20806597   3.7153514e-08
      0.21291246   3.8018931e-08
      0.21787181   3.8904505e-08
      0.22294670   3.9810708e-08
      0.22813979   4.0738018e-08
      0.23345384   4.1686928e-08
      0.23889168   4.2657942e-08
      0.24445617   4.3651573e-08
      0.25015029   4.4668349e-08
      0.25597703   4.5708808e-08
      0.26193950   4.6773503e-08
      0.26804084   4.7862998e-08
      0.27428430   4.8977870e-08
      0.28067321   5.0118711e-08
      0.28721091   5.1286126e-08
      0.29390091   5.2480733e-08
      0.30074671   5.3703167e-08
      0.30775201   5.4954074e-08
      0.31492046   5.6234119e-08
      0.32225588   5.7543980e-08
      0.32976219   5.8884351e-08
      0.33744332   6.0255944e-08
      0.34530336   6.1659485e-08
      0.35334650   6.3095719e-08
      0.36157700   6.4565407e-08
      0.36999920   6.6069328e-08
      0.37861755   6.7608281e-08
      0.38743669   6.9183080e-08
      0.39646122   7.0794561e-08
      0.40569597   7.2443578e-08
      0.41514584   7.4131006e-08
      0.42481580   7.5857738e-08
      0.43471101   7.7624692e-08
      0.44483674   7.9432803e-08
      0.45519829   8.1283031e-08
      0.46580118   8.3176356e-08
      0.47665107   8.5113782e-08
      0.48775369   8.7096337e-08
      0.49911490   8.9125071e-08
      0.51074076   9.1201061e-08
      0.52263743   9.3325406e-08
      0.53481120   9.5499234e-08
      0.54726851   9.7723697e-08
      0.56001598   9.9999974e-08
      0.57306039   1.0232927e-07
      0.58640867   1.0471283e-07
      0.60006785   1.0715190e-07
      0.61404520   1.0964779e-07
      0.62834811   1.1220182e-07
      0.64298415   1.1481533e-07
      0.65796113   1.1748972e-07
      0.67328697   1.2022641e-07
      0.68896979   1.2302684e-07
      0.70501792   1.2589251e-07
      0.72143984   1.2882492e-07
      0.73824430   1.3182564e-07
      0.75544018   1.3489625e-07
      0.77303654   1.3803839e-07
      0.79104280   1.4125372e-07
      0.80946851   1.4454394e-07
      0.82832342   1.4791080e-07
      0.84761745   1.5135608e-07
      0.86736095   1.5488162e-07
      0.88756430   1.5848928e-07
      0.90823823   1.6218097e-07
      0.92939377   1.6595865e-07
      0.95104200   1.6982432e-07
      0.97319454   1.7378004e-07
      0.99586308   1.7782789e-07
       1.0190595   1.8197004e-07
       1.0427964   1.8620866e-07
       1.0670862   1.9054602e-07
       1.0919417   1.9498441e-07
       1.1173762   1.9952618e-07
       1.1434031   2.0417374e-07
       1.1700362   2.0892956e-07
       1.1972897   2.1379615e-07
       1.2251780   2.1877610e-07
       1.2537160   2.2387205e-07
       1.2829186   2.2908670e-07
       1.3128015   2.3442282e-07
       1.3433803   2.3988323e-07
       1.3746715   2.4547082e-07
       1.4066916   2.5118857e-07
       1.4394574   2.5703951e-07
       1.4729865   2.6302673e-07
       1.5072964   2.6915341e-07
       1.5424057   2.7542279e-07
       1.5783327   2.8183821e-07
       1.6150966   2.8840307e-07
       1.6527168   2.9512084e-07
       1.6912131   3.0199509e-07
       1.7306063   3.0902946e-07
       1.7709169   3.1622768e-07
       1.8121667   3.2359357e-07
       1.8543770   3.3113103e-07
       1.8975707   3.3884406e-07
       1.9417704   3.4673675e-07
       1.9869998   3.5481329e-07
       2.0332825   3.6307795e-07
       2.0806434   3.7153512e-07
       2.1291072   3.8018929e-07
       2.1787002   3.8904503e-07
       2.2294481   3.9810706e-07
       2.2813780   4.0738016e-07
       2.3345177   4.1686926e-07
       2.3888950   4.2657940e-07
       2.4445391   4.3651571e-07
       2.5014791   4.4668346e-07
       2.5597453   4.5708806e-07
       2.6193688   4.6773500e-07
       2.6803811   4.7862995e-07
       2.7428145   4.8977868e-07
       2.8067021   5.0118709e-07
       2.8720777   5.1286123e-07
       2.9389763   5.2480731e-07
       3.0074329   5.3703164e-07
       3.0774841   5.4954071e-07
       3.1491671   5.6234116e-07
       3.2225194   5.7543977e-07
       3.2975805   5.8884348e-07
       3.3743901   6.0255941e-07
       3.4529886   6.1659482e-07
       3.5334177   6.3095716e-07
       3.6157203   6.4565404e-07
       3.6999400   6.6069325e-07
       3.7861214   6.7608277e-07
       3.8743100   6.9183076e-07
       3.9645526   7.0794557e-07
       4.0568976   7.2443574e-07
       4.1513929   7.4131002e-07
       4.2480898   7.5857735e-07
       4.3470387   7.7624688e-07
       4.4482923   7.9432799e-07
       4.5519042   8.1283027e-07
       4.6579299   8.3176352e-07
       4.7664247   8.5113778e-07
       4.8774467   8.7096332e-07
       4.9910545   8.9125067e-07
       5.1073089   9.1201056e-07
       5.2262707   9.3325401e-07
       5.3480034   9.5499229e-07
       5.4725714   9.7723692e-07
       5.6000409   9.9999969e-07
       5.7304797   1.0232927e-06
       5.8639565   1.0471282e-06
       6.0005422   1.0715190e-06
       6.1403089   1.0964779e-06
       6.2833314   1.1220181e-06
       6.4296851   1.1481533e-06
       6.5794477   1.1748972e-06
       6.7326984   1.2022641e-06
       6.8895183   1.2302684e-06
       7.0499911   1.2589250e-06
       7.2142015   1.2882491e-06
       7.3822365   1.3182563e-06
       7.5541854   1.3489625e-06
       7.7301393   1.3803838e-06
       7.9101915   1.4125371e-06
       8.0944376   1.4454393e-06
       8.2829742   1.4791079e-06
       8.4759026   1.5135608e-06
       8.6733246   1.5488161e-06
       8.8753452   1.5848927e-06
       9.0820704   1.6218096e-06
       9.2936106   1.6595864e-06
       9.5100784   1.6982431e-06
       9.7315874   1.7378003e-06
       9.9582558   1.7782788e-06
       10.190203   1.8197003e-06
       10.427553   1.8620865e-06
       10.670431   1.9054601e-06
       10.918966   1.9498440e-06
       11.173289   1.9952617e-06
       11.433537   2.0417373e-06
       11.699844   2.0892955e-06
       11.972355   2.1379614e-06
       12.251213   2.1877609e-06
       12.536565   2.2387204e-06
       12.828564   2.2908669e-06
       13.127362   2.3442280e-06
       13.433121   2.3988321e-06
       13.746000   2.4547081e-06
       14.066167   2.5118856e-06
       14.393790   2.5703949e-06
       14.729044   2.6302671e-06
       15.072106   2.6915339e-06
       15.423158   2.7542278e-06
       15.782385   2.8183820e-06
       16.149979   2.8840305e-06
       16.526134   2.9512082e-06
       16.911051   3.0199507e-06
       17.304930   3.0902944e-06
       17.707985   3.1622766e-06
       18.120424   3.2359355e-06
       18.542471   3.3113101e-06
       18.974346   3.3884404e-06
       19.416279   3.4673673e-06
       19.868505   3.5481327e-06
       20.331263   3.6307793e-06
       20.804796   3.7153510e-06
       21.289360   3.8018927e-06
       21.785208   3.8904501e-06
       22.292603   3.9810704e-06
       22.811813   4.0738014e-06
       23.343117   4.1686924e-06
       23.886793   4.2657937e-06
       24.443130   4.3651568e-06
       25.012424   4.4668344e-06
       25.594976   4.5708803e-06
       26.191093   4.6773498e-06
       26.801094   4.7862993e-06
       27.425301   4.8977865e-06
       28.064043   5.0118706e-06
       28.717659   5.1286121e-06
       29.386496   5.2480728e-06
       30.070910   5.3703161e-06
       30.771259   5.4954068e-06
       31.487921   5.6234113e-06
       32.221268   5.7543974e-06
       32.971695   5.8884345e-06
       33.739594   6.0255938e-06
       34.525375   6.1659479e-06
       35.329456   6.3095712e-06
       36.152260   6.4565400e-06
       36.994225   6.6069322e-06
       37.855793   6.7608274e-06
       38.737423   6.9183073e-06
       39.639584   7.0794553e-06
       40.562752   7.2443570e-06
       41.507412   7.4130998e-06
       42.474072   7.5857731e-06
       43.463242   7.7624684e-06
       44.475441   7.9432795e-06
       45.511208   8.1283023e-06
       46.571091   8.3176347e-06
       47.655655   8.5113773e-06
       48.765469   8.7096328e-06
       49.901123   8.9125062e-06
       51.063221   9.1201051e-06
       52.252377   9.3325397e-06
       53.469215   9.5499224e-06
       54.714386   9.7723687e-06
       55.988548   9.9999964e-06
       57.292374   1.0232926e-05
       58.626556   1.0471282e-05
       59.991798   1.0715189e-05
       61.388824   1.0964778e-05
       62.818378   1.1220180e-05
       64.281212   1.1481532e-05
       65.778099   1.1748971e-05
       67.309830   1.2022640e-05
       68.877220   1.2302683e-05
       70.481102   1.2589250e-05
       72.122322   1.2882491e-05
       73.801743   1.3182563e-05
       75.520256   1.3489624e-05
       77.278778   1.3803838e-05
       79.078232   1.4125370e-05
       80.919571   1.4454392e-05
       82.803772   1.4791078e-05
       84.731827   1.5135607e-05
       86.704765   1.5488160e-05
       88.723625   1.5848926e-05
       90.789474   1.6218095e-05
       92.903404   1.6595863e-05
       95.066528   1.6982430e-05
       97.280006   1.7378002e-05
       99.544998   1.7782787e-05
       101.86270   1.8197002e-05
       104.23434   1.8620864e-05
       106.66118   1.9054600e-05
       109.14449   1.9498439e-05
       111.68559   1.9952616e-05
       114.28583   2.0417372e-05
       116.94657   2.0892953e-05
       119.66924   2.1379613e-05
       122.45525   2.1877608e-05
       125.30608   2.2387203e-05
       128.22325   2.2908668e-05
       131.20830   2.3442279e-05
       134.26280   2.3988320e-05
       137.38837   2.4547080e-05
       140.58664   2.5118855e-05
       143.85933   2.5703948e-05
       147.20816   2.6302670e-05
       150.63489   2.6915338e-05
       154.14134   2.7542276e-05
       157.72935   2.8183819e-05
       161.40083   2.8840304e-05
       165.15771   2.9512081e-05
       169.00197   3.0199506e-05
       172.93565   3.0902942e-05
       176.96082   3.1622764e-05
       181.07959   3.2359353e-05
       185.29416   3.3113099e-05
       189.60675   3.3884402e-05
       194.01962   3.4673672e-05
       198.53511   3.5481325e-05
       203.15559   3.6307791e-05
       207.88351   3.7153508e-05
       212.72137   3.8018925e-05
       217.67171   3.8904499e-05
       222.73712   3.9810701e-05
       227.92030   4.0738012e-05
       233.22398   4.1686922e-05
       238.65096   4.2657935e-05
       244.20407   4.3651566e-05
       249.88626   4.4668342e-05
       255.70052   4.5708801e-05
       261.64990   4.6773496e-05
       267.73755   4.7862990e-05
       273.96667   4.8977863e-05
       280.34055   5.0118704e-05
       286.86252   5.1286118e-05
       293.53604   5.2480725e-05
       300.36459   5.3703158e-05
       307.35181   5.4954065e-05
       314.50131   5.6234110e-05
       321.81693   5.7543971e-05
       329.30243   5.8884342e-05
       336.96179   6.0255934e-05
       344.79907   6.1659475e-05
       352.81833   6.3095709e-05
       361.02380   6.4565397e-05
       369.41980   6.6069318e-05
       378.01074   6.7608270e-05
       386.80112   6.9183069e-05
       395.79556   7.0794550e-05
       404.99878   7.2443567e-05
       414.41559   7.4130994e-05
       424.05096   7.5857727e-05
       433.90991   7.7624680e-05
       443.99765   7.9432791e-05
       454.31943   8.1283019e-05
       464.88065   8.3176343e-05
       475.68689   8.5113769e-05
       486.74377   8.7096323e-05
       498.05710   8.9125057e-05
       509.63275   9.1201047e-05
       521.47681   9.3325392e-05
       533.59552   9.5499219e-05
       545.99512   9.7723682e-05
       558.68219   9.9999959e-05
       571.66327   0.00010232926
       584.94519   0.00010471281
       598.53485   0.00010715189
       612.43939   0.00010964777
       626.66602   0.00011220180
       641.22211   0.00011481531
       656.11536   0.00011748971
       671.35345   0.00012022639
       686.94434   0.00012302683
       702.89618   0.00012589249
       719.21716   0.00012882490
       735.91583   0.00013182562
       753.00092   0.00013489623
       770.48120   0.00013803837
       788.36584   0.00014125370
       806.66406   0.00014454392
       825.38531   0.00014791078
       844.53943   0.00015135606
       864.13623   0.00015488160
       884.18585   0.00015848925
       904.74847   0.00016218094
       925.80872   0.00016595862
       947.33136   0.00016982429
       969.33282   0.00017378001
       991.88892   0.00017782787
       1014.9612   0.00018197001
       1038.5691   0.00018620863
       1062.6761   0.00019054599
       1087.3386   0.00019498438
       1112.5693   0.00019952615
       1138.4410   0.00020417371
       1164.9174   0.00020892952
       1192.0112   0.00021379612
       1219.6809   0.00021877607
       1248.0116   0.00022387202
       1276.8943   0.00022908667
       1306.5471   0.00023442278
       1336.8820   0.00023988319
       1367.9785   0.00024547079
       1399.6324   0.00025118853
       1432.1680   0.00025703947
       1465.3549   0.00026302669
       1499.3070   0.00026915336
       1534.0793   0.00027542275
       1569.6832   0.00028183817
       1606.0848   0.00028840302
       1643.2939   0.00029512079
       1681.3014   0.00030199504
       1720.2562   0.00030902941
       1760.1149   0.00031622763
       1800.7869   0.00032359352
       1842.5228   0.00033113098
       1885.1824   0.00033884401
       1928.6914   0.00034673670
       1973.3378   0.00035481323
       2018.9321   0.00036307789
       2065.6072   0.00037153507
       2113.2747   0.00038018923
       2162.0259   0.00038904497
       2211.9939   0.00039810699
       2263.0078   0.00040738010
       2315.1641   0.00041686920
       2368.5173   0.00042657933
       2423.1243   0.00043651564
       2478.9392   0.00044668339
       2535.9751   0.00045708799
       2594.2839   0.00046773493
       2654.0288   0.00047862988
       2714.9773   0.00048977860
       2777.3533   0.00050118701
       2841.0767   0.00051286115
       2906.2627   0.00052480722
       2972.9658   0.00053703156
       3041.0928   0.00054954063
       3110.7288   0.00056234107
       3181.8840   0.00057543968
       3254.5879   0.00058884339
       3329.0532   0.00060255931
       3405.0742   0.00061659472
       3482.7605   0.00063095706
       3562.1982   0.00064565394
       3643.2908   0.00066069315
       3726.1990   0.00067608267
       3810.9014   0.00069183066
       3897.5208   0.00070794546
       3986.0867   0.00072443563
       4076.4216   0.00074130990
       4168.7510   0.00075857723
       4263.1211   0.00077624676
       4359.4780   0.00079432787
       4457.9243   0.00081283014
       4558.5400   0.00083176339
       4661.2329   0.00085113765
       4766.1538   0.00087096319
       4873.2817   0.00089125053
       4982.6606   0.00091201042
       5094.3618   0.00093325387
       5208.4790   0.00095499214
       5324.9336   0.00097723677
       5443.7202   0.00099999954
       5565.0630    0.0010232925
       5689.0811    0.0010471281
       5815.3569    0.0010715188
       5944.5840    0.0010964777
       6076.1064    0.0011220179
       6210.5732    0.0011481531
       6347.6045    0.0011748970
       6487.7319    0.0012022639
       6630.2188    0.0012302682
       6775.4990    0.0012589248
       6924.0186    0.0012882489
       7075.6147    0.0013182561
       7229.7271    0.0013489622
       7387.1553    0.0013803836
       7547.8794    0.0014125369
       7711.3530    0.0014454391
       7877.8535    0.0014791077
       8048.0024    0.0015135605
       8220.9648    0.0015488159
       8397.2568    0.0015848924
       8576.9170    0.0016218093
       8759.7754    0.0016595861
       8946.2832    0.0016982428
       9135.8799    0.0017378000
       9329.4961    0.0017782786
       9526.0850    0.0018197000
       9726.3604    0.0018620862
       9930.0059    0.0019054598
       10137.038    0.0019498437
       10348.001    0.0019952614
       10563.055    0.0020417370
       10781.489    0.0020892951
       11002.381    0.0021379611
       11228.171    0.0021877606
       11457.604    0.0022387201
       11690.009    0.0022908665
       11927.056    0.0023442277
       12167.290    0.0023988318
       12411.120    0.0024547077
       12659.223    0.0025118852
       12910.915    0.0025703945
       13166.229    0.0026302667
       13425.558    0.0026915335
       13688.848    0.0027542274
       13955.458    0.0028183816
       14225.005    0.0028840301
       14499.258    0.0029512078
       14776.762    0.0030199502
       15058.174    0.0030902939
       15342.729    0.0031622761
       15630.786    0.0032359350
       15923.264    0.0033113096
       16219.249    0.0033884399
       16517.738    0.0034673668
       16819.467    0.0035481321
       17124.656    0.0036307788
       17433.170    0.0037153505
       17744.824    0.0038018921
       18060.377    0.0038904495
       18378.420    0.0039810697
       18699.104    0.0040738008
       19022.400    0.0041686918
       19348.537    0.0042657931
       19676.225    0.0043651562
       20007.441    0.0044668337
       20340.281    0.0045708796
       20675.887    0.0046773491
       21013.166    0.0047862985
       21351.486    0.0048977858
       21692.816    0.0050118698
       22034.537    0.0051286113
       22377.750    0.0052480720
       22722.025    0.0053703153
       23067.502    0.0054954060
       23412.836    0.0056234104
       23758.893    0.0057543965
       24105.588    0.0058884336
       24451.070    0.0060255928
       24797.438    0.0061659469
       25141.494    0.0063095703
       25485.820    0.0064565390
       25829.207    0.0066069311
       26170.527    0.0067608263
       26509.467    0.0069183062
       26845.826    0.0070794543
       27179.656    0.0072443559
       27510.660    0.0074130986
       27838.646    0.0075857719
       28163.340    0.0077624672
       28484.621    0.0079432783
       28801.814    0.0081283010
       29114.041    0.0083176335
       29421.908    0.0085113760
       29723.039    0.0087096314
       30018.334    0.0089125048
       30306.213    0.0091201037
       30585.504    0.0093325382
       30855.936    0.0095499210
       31115.830    0.0097723672
       31365.695    0.0099999949
       31607.188     0.010232925
       31837.514     0.010471280
       32059.178     0.010715188
       32270.551     0.010964776
       32471.426     0.011220179
       32662.217     0.011481530
       32841.148     0.011748969
       33007.477     0.012022638
       33159.133     0.012302681
       33296.691     0.012589248
       33417.715     0.012882489
       33522.277     0.013182561
       33608.820     0.013489622
       33677.781     0.013803835
       33728.648     0.014125368
       33760.855     0.014454390
       33773.887     0.014791076
       33767.281     0.015135605
       33741.223     0.015488158
       33696.094     0.015848924
       33630.016     0.016218092
       33543.676     0.016595860
       33436.008     0.016982428
       33305.684     0.017377999
       33153.164     0.017782785
       32978.547     0.018196999
       32782.059     0.018620862
       32562.084     0.019054597
       32319.389     0.019498436
       32055.316     0.019952613
       31767.215     0.020417369
       31458.314     0.020892950
       31128.139     0.021379610
       30777.172     0.021877605
       30404.578     0.022387199
       30011.746     0.022908664
       29600.029     0.023442276
       29170.369     0.023988316
       28722.408     0.024547076
       28260.402     0.025118851
       27781.711     0.025703944
       27289.951     0.026302666
       26786.875     0.026915334
       26273.242     0.027542272
       25750.344     0.028183814
       25220.248     0.028840300
       24683.463     0.029512076
       24141.592     0.030199501
       23596.328     0.030902938
       23050.115     0.031622760
       22503.186     0.032359348
       21959.865     0.033113094
       21422.328     0.033884397
       20894.588     0.034673666
       20378.600     0.035481320
       19877.051     0.036307786
       19390.682     0.037153503
       18920.291     0.038018919
       18468.510     0.038904493
       18035.342     0.039810695
       17622.262     0.040738006
       17228.906     0.041686916
       16855.785     0.042657929
       16503.402     0.043651559
       16170.889     0.044668335
       15857.056     0.045708794
       15563.851     0.046773488
       15288.239     0.047862983
       15030.724     0.048977855
       14788.511     0.050118696
       14560.979     0.051286110
       14345.293     0.052480717
       14140.779     0.053703150
       13942.132     0.054954057
       13745.108     0.056234101
       13545.826     0.057543962
       13340.831     0.058884333
       13126.664     0.060255925
       12900.936     0.061659466
       12660.665     0.063095699
       12402.021     0.064565387
       12124.929     0.066069308
       11827.038     0.067608260
       11505.645     0.069183058
       11162.737     0.070794539
       10796.859     0.072443556
       10413.540     0.074130983
       10015.120     0.075857715
       9604.7158     0.077624668
       9187.8779     0.079432779
       8772.7451     0.081283006
       8367.1416     0.083176330
       7978.0312     0.085113756
       7611.0283     0.087096310
       7270.4375     0.089125044
       6959.2046     0.091201032
       6680.1782     0.093325377
       6434.7671     0.095499205
       6222.5005     0.097723667
       6040.3091     0.099999943
       5885.7324      0.10232924
       5755.6743      0.10471280
       5646.4668      0.10715187
       5549.5547      0.10964776
       5456.1567      0.11220178
       5357.3813      0.11481530
       5245.8330      0.11748969
       5116.8857      0.12022637
       4967.1758      0.12302681
       4794.0107      0.12589247
       4597.5435      0.12882488
       4381.4434      0.13182560
       4156.2583      0.13489621
       3932.0261      0.13803835
       3716.5010      0.14125367
       3515.9119      0.14454389
       3335.5300      0.14791075
       3178.9434      0.15135604
       3049.5210      0.15488157
       2949.0769      0.15848923
       2871.8865      0.16218092
       2807.0315      0.16595859
       2745.2603      0.16982427
       2677.7468      0.17377998
       2599.6677      0.17782784
       2509.9988      0.18196998
       2408.2734      0.18620861
       2294.2231      0.19054596
       2171.0867      0.19498435
       2047.7206      0.19952612
       1933.0856      0.20417368
       1834.0981      0.20892949
       1756.3199      0.21379608
       1695.9500      0.21877603
       1644.7542      0.22387198
       1595.1084      0.22908663
       1540.4314      0.23442274
       1478.7489      0.23988315
       1412.8400      0.24547075
       1346.1014      0.25118850
       1281.3019      0.25703943
       1220.2784      0.26302664
       1163.3564      0.26915332
       1110.5330      0.27542271
       1061.4288      0.28183813
       1016.1493      0.28840298
       973.81049      0.29512075
       933.48462      0.30199499
       894.15594      0.30902936
       855.15637      0.31622758
       816.23987      0.32359347
       778.08453      0.33113093
       741.17047      0.33884396
       706.08954      0.34673664
       673.08240      0.35481318
       641.98584      0.36307784
       612.63440      0.37153501
       584.73944      0.38018917
       558.19000      0.38904491
       532.79321      0.39810693
       508.42139      0.40738003
       484.93741      0.41686913
       462.26117      0.42657926
       440.32593      0.43651557
       419.24100      0.44668332
       399.04813      0.45708792
       379.82346      0.46773486
       361.55481      0.47862980
       344.22604      0.48977852
       327.73990      0.50118693
       311.99551      0.51286107
       296.98138      0.52480714
       282.63367      0.53703147
       268.94263      0.54954054
       255.86734      0.56234099
       243.38715      0.57543959
       231.48796      0.58884330
       220.13167      0.60255922
       209.31149      0.61659463
       198.98732      0.63095696
       189.15295      0.64565384
       179.77502      0.66069305
       170.85582      0.67608256
       162.34164      0.69183055
       154.23466      0.70794535
       146.51413      0.72443552
       139.16278      0.74130979
       132.16283      0.75857711
       125.50681      0.77624664
       119.16703      0.79432775
       113.14086      0.81283002
       107.39563      0.83176326
       101.93457      0.85113752
       96.740517      0.87096305
       91.803528      0.89125039
       87.108597      0.91201028
       82.644768      0.93325373
       78.397614      0.95499200
       74.360977      0.97723662
       70.525452      0.99999938
       66.881401       1.0232924
       63.418503       1.0471279
       60.126156       1.0715186
       57.005836       1.0964775
       54.035629       1.1220178
       51.212875       1.1481529
       48.540359       1.1748968
       45.997936       1.2022637
       43.592823       1.2302680
       41.302917       1.2589246
       39.127651       1.2882487
       37.064026       1.3182559
       35.109871       1.3489620
       33.251923       1.3803834
       31.490438       1.4125367
       29.817595       1.4454389
       28.236082       1.4791075
       26.731274       1.5135603
       25.305712       1.5488156
       23.953823       1.5848922
       22.674318       1.6218091
       21.459934       1.6595859
       20.311481       1.6982426
       19.219461       1.7377997
       18.185518       1.7782783
       17.205296       1.8196997
       16.277094       1.8620860
       15.397924       1.9054595
       14.566304       1.9498434
       13.775966       1.9952611
       13.029202       2.0417367
       12.321670       2.0892948
       11.650924       2.1379607
       11.016072       2.1877602
       10.416020       2.2387197
       9.8473501       2.2908662
       9.3087530       2.3442273
       8.7995319       2.3988314
       8.3172369       2.4547074
       7.8606272       2.5118848
       7.4286757       2.5703941
       7.0202079       2.6302663
       6.6339850       2.6915331
       6.2683187       2.7542269
       5.9220581       2.8183811
       5.5948362       2.8840297
       5.2854056       2.9512073
       4.9925761       3.0199498
       4.7158747       3.0902934
       4.4540739       3.1622756
       4.2065067       3.2359345
       3.9724607       3.3113091
       3.7512271       3.3884394
       3.5422595       3.4673663
       3.3444281       3.5481316
       3.1578748       3.6307782
       2.9810450       3.7153499
       2.8142076       3.8018915
       2.6564415       3.8904489
       2.5074542       3.9810691
       2.3667569       4.0738001
       2.2338028       4.1686911
       2.1081820       4.2657924
       1.9894456       4.3651555
       1.8772053       4.4668330
       1.7713343       4.5708789
       1.6713319       4.6773484
       1.5768204       4.7862978
       1.4876946       4.8977850
       1.4033971       5.0118691
       1.3238384       5.1286105
       1.2487787       5.2480712
       1.1778756       5.3703144
       1.1109623       5.4954051
       1.0477847       5.6234096
      0.98819125       5.7543956
      0.93190140       5.8884327
      0.87873900       6.0255919
      0.82860559       6.1659460
      0.78128690       6.3095693
      0.73664379       6.4565380
      0.69451612       6.6069301
      0.65476549       6.7608253
      0.61724073       6.9183051
      0.58183366       7.0794532
      0.54844326       7.2443548
      0.51696861       7.4130975
      0.48726746       7.5857707
      0.45926905       7.7624660
      0.43281162       7.9432771
      0.40788305       8.1282998
      0.38436487       8.3176322
      0.36219537       8.5113747
      0.34129119       8.7096301
      0.32159162       8.9125034
      0.30300117       9.1201023
      0.28547135       9.3325368
      0.26894024       9.5499195
      0.25336066       9.7723657
      0.23868097       9.9999933
      0.22481030       10.232923
      0.21178819       10.471278
      0.19949684       10.715186
      0.18789335       10.964775
      0.17695408       11.220177
      0.16664989       11.481528
      0.15693806       11.748968
      0.14780930       12.022636
      0.13921008       12.302679
      0.13106497       12.589246
      0.12341930       12.882487
      0.11620270       13.182558
      0.10940853       13.489620
      0.10301635       13.803833
     0.096987195       14.125366
     0.091309980       14.454388
     0.085961200       14.791074
     0.080916233       15.135602
     0.076169506       15.488156
     0.071694903       15.848921
     0.067483492       16.218090
     0.063521400       16.595858
     0.059790209       16.982425
     0.056268632       17.377996
     0.052954387       17.782782
     0.049837667       18.196996
     0.046899173       18.620859
     0.044132158       19.054594
     0.041529998       19.498433
     0.039078217       19.952609
     0.036766808       20.417365
     0.034594979       20.892947
     0.032551195       21.379606
     0.030627048       21.877601
     0.028811546       22.387196
     0.027105108       22.908661
     0.025498630       23.442272
     0.023985496       23.988313
     0.022563884       24.547072
     0.021224940       25.118847
     0.019965615       25.703940
     0.018778734       26.302662
     0.017662553       26.915329
     0.016611919       27.542268
     0.015622986       28.183810
     0.014692374       28.840295
     0.013817444       29.512072
     0.012994277       30.199496
     0.012218750       30.902933
     0.011490593       31.622755
     0.010804052       32.359343
     0.010158543       33.113089
    0.0095513714       33.884392
    0.0089802705       34.673661
    0.0084433714       35.481314
    0.0079383394       36.307780
    0.0074623781       37.153497
    0.0070155254       38.018913
    0.0065951869       38.904487
    0.0061994679       39.810689
    0.0058276500       40.737999
    0.0054779085       41.686909
    0.0051487144       42.657922
    0.0048389779       43.651553
    0.0045480067       44.668328
    0.0042745173       45.708787
    0.0040172823       46.773481
    0.0037754187       47.862976
    0.0035478706       48.977847
    0.0033339190       50.118688
    0.0031327333       51.286102
    0.0029435272       52.480709
    0.0027657724       53.703142
    0.0025987448       54.954049
    0.0024417257       56.234093
    0.0022947325       57.543953
    0.0021565105       58.884324
    0.0020265656       60.255916
    0.0019044054       61.659456
    0.0017895669       63.095690
    0.0016816139       64.565377
    0.0015801361       66.069298
    0.0014847477       67.608249
    0.0013950856       69.183048
    0.0013108081       70.794528
    0.0012315940       72.443544
    0.0011571408       74.130971
    0.0010871642       75.857703
    0.0010213966       77.624656
   0.00095958641       79.432767
   0.00090149685       81.282993
   0.00084690540       83.176318
   0.00079560251       85.113743
   0.00074739137       87.096297
   0.00070208660       89.125030
   0.00065951410       91.201018
   0.00061950996       93.325363
   0.00058192021       95.499190
   0.00054659980       97.723652
   0.00051341264       99.999928
   0.00048223048       102.32923
   0.00045293293       104.71278
   0.00042540667       107.15185
   0.00039954521       109.64774
   0.00037524838       112.20176
   0.00035242207       114.81528
   0.00033097769       117.48967
   0.00031083205       120.22636
   0.00029190691       123.02679
   0.00027412869       125.89245
   0.00025742824       128.82486
   0.00024174059       131.82558
   0.00022700460       134.89619
   0.00021316283       138.03833
   0.00020016129       141.25365
   0.00018794923       144.54387
   0.00017647896       147.91073
   0.00016570563       151.35601
   0.00015558710       154.88155
   0.00014608377       158.48920
   0.00013715839       162.18089
   0.00012877602       165.95857
   0.00012090375       169.82424
   0.00011351070       173.77996
   0.00010656782       177.82781
   0.00010004784       181.96995
   9.3925104e-05       186.20858
   8.8175533e-05       190.54593
   8.2776474e-05       194.98432
   7.7706667e-05       199.52608
   7.2946117e-05       204.17364
   6.8476045e-05       208.92946
   6.4278800e-05       213.79605
   6.0337814e-05       218.77600
   5.6637498e-05       223.87195
   5.3163225e-05       229.08660
   4.9901246e-05       234.42271
   4.6838639e-05       239.88311
   4.3963275e-05       245.47071
   4.1263753e-05       251.18846
   3.8729366e-05       257.03939
   3.6350051e-05       263.02660
   3.4116365e-05       269.15328
   3.2019423e-05       275.42267
   3.0050893e-05       281.83808
   2.8202941e-05       288.40294
   2.6468215e-05       295.12070
   2.4839799e-05       301.99495
   2.3311210e-05       309.02931
   2.1876349e-05       316.22753
   2.0529493e-05       323.59342
   1.9265264e-05       331.13087
   1.8078614e-05       338.84390
   1.6964799e-05       346.73659
   1.5919368e-05       354.81312
   1.4938138e-05       363.07778
   1.4017179e-05       371.53495
   1.3152805e-05       380.18911
   1.2341552e-05       389.04485
   1.1580167e-05       398.10687
   1.0865596e-05       407.37997
   1.0194972e-05       416.86907
   9.5656005e-06       426.57920
   8.9749547e-06       436.51550
   8.4206595e-06       446.68326
   7.9004858e-06       457.08784
   7.4123413e-06       467.73479
   6.9542602e-06       478.62973
   6.5243976e-06       489.77845
   6.1210208e-06       501.18685
   5.7425045e-06       512.86100
   5.3873214e-06       524.80706
   5.0540380e-06       537.03139
   4.7413082e-06       549.54046
   4.4478697e-06       562.34090
   4.1725361e-06       575.43950
   3.9141937e-06       588.84321
   3.6717981e-06       602.55913
   3.4443678e-06       616.59453
   3.2309820e-06       630.95686
   3.0307763e-06       645.65374
   2.8429390e-06       660.69294
   2.6667090e-06       676.08246
   2.5013708e-06       691.83044
   2.3462537e-06       707.94524
   2.2007277e-06       724.43541
   2.0642019e-06       741.30967
   1.9361212e-06       758.57699
   1.8159650e-06       776.24652
   1.7032443e-06       794.32763
   1.5975006e-06       812.82989
   1.4983033e-06       831.76313
   1.4052483e-06       851.13738
   1.3179566e-06       870.96292
   1.2360722e-06       891.25025
   1.1592612e-06       912.01014
   1.0872102e-06       933.25358
   1.0196251e-06       954.99185
   9.5623000e-07       977.23647
   8.9676570e-07       999.99923
   8.4098929e-07       1023.2922
   7.8867276e-07       1047.1277
   7.3960211e-07       1071.5185
   6.9357651e-07       1096.4773
   6.5040751e-07       1122.0176
   6.0991835e-07       1148.1527
   5.7194313e-07       1174.8966
   5.3632624e-07       1202.2635
   5.0292158e-07       1230.2678
   4.7159216e-07       1258.9244
   4.4220940e-07       1288.2485
   4.1465270e-07       1318.2557
   3.8880887e-07       1348.9618
   3.6457175e-07       1380.3832
   3.4184171e-07       1412.5364
   3.2052529e-07       1445.4386
   3.0053479e-07       1479.1072
   2.8178800e-07       1513.5601
   2.6420773e-07       1548.8154
   2.4772157e-07       1584.8920
   2.3226161e-07       1621.8088
   2.1776417e-07       1659.5856
   2.0416945e-07       1698.2423
   1.9142141e-07       1737.7995
   1.7946742e-07       1778.2780
   1.6825818e-07       1819.6994
   1.5774741e-07       1862.0857
   1.4789167e-07       1905.4592
   1.3865026e-07       1949.8431
   1.2998498e-07       1995.2607
   1.2186001e-07       2041.7363
   1.1424173e-07       2089.2945
   1.0709863e-07       2137.9604
   1.0040115e-07       2187.7599
   9.4121539e-08       2238.7194
   8.8233804e-08       2290.8658
   8.2713541e-08       2344.2270
   7.7537884e-08       2398.8310
   7.2685353e-08       2454.7070
   6.8135840e-08       2511.8844
   6.3870459e-08       2570.3937
   5.9871510e-08       2630.2659
   5.6122392e-08       2691.5327
   5.2607525e-08       2754.2265
   4.9312316e-08       2818.3807
   4.6223068e-08       2884.0292
   4.3326931e-08       2951.2069
   4.0611869e-08       3019.9493
   3.8066585e-08       3090.2930
   3.5680483e-08       3162.2751
   3.3443634e-08       3235.9340
   3.1346719e-08       3311.3086
   2.9381008e-08       3388.4389
   2.7538308e-08       3467.3657
   2.5810937e-08       3548.1311
   2.4191698e-08       3630.7776
   2.2673831e-08       3715.3493
   2.1251005e-08       3801.8909
   1.9917284e-08       3890.4483
   1.8667098e-08       3981.0685
   1.7495227e-08       4073.7995
   1.6396777e-08       4168.6905
   1.5367155e-08       4265.7918
   1.4402060e-08       4365.1548
   1.3497455e-08       4466.8323
   1.2649558e-08       4570.8782
   1.1854819e-08       4677.3476
   1.1109916e-08       4786.2971
   1.0411727e-08       4897.7842
   9.7573318e-09       5011.8683
   9.1439860e-09       5128.6097
   8.5691223e-09       5248.0704
   8.0303293e-09       5370.3136
   7.5253501e-09       5495.4043
   7.0520656e-09       5623.4087
   6.6084906e-09       5754.3947
   6.1927650e-09       5888.4318
   5.8031424e-09       6025.5910
   5.4379878e-09       6165.9450
   5.0957678e-09       6309.5683
   4.7750444e-09       6456.5370
   4.4744697e-09       6606.9291
   4.1927812e-09       6760.8242
   3.9287942e-09       6918.3041
   3.6813979e-09       7079.4521
   3.4495524e-09       7244.3537
   3.2322818e-09       7413.0964
   3.0286713e-09       7585.7696
   2.8378642e-09       7762.4648
   2.6590568e-09       7943.2758
   2.4914957e-09       8128.2985
   2.3344748e-09       8317.6309
   2.1873328e-09       8511.3734
   2.0494486e-09       8709.6288
   1.9202415e-09       8912.5021
   1.7991661e-09       9120.1009
   1.6857118e-09       9332.5353
   1.5793995e-09       9549.9180
   1.4797805e-09       9772.3642
   1.3864342e-09       9999.9918
   1.2989664e-09       10232.921
   1.2170075e-09       10471.277
   1.1402111e-09       10715.184
   1.0682527e-09       10964.773
   1.0008281e-09       11220.175
   9.3765196e-10       11481.527
   8.7845720e-10       11748.966
   8.2299334e-10       12022.634
   7.7102558e-10       12302.678
   7.2233397e-10       12589.244
   6.7671235e-10       12882.485
   6.3396749e-10       13182.556
   5.9391825e-10       13489.618
   5.5639499e-10       13803.831
   5.2123861e-10       14125.364
   4.8830012e-10       14454.386
   4.5743978e-10       14791.072
   4.2852674e-10       15135.600
   4.0143830e-10       15488.153
   3.7605952e-10       15848.919
   3.5228270e-10       16218.087
   3.3000686e-10       16595.855
   3.0913738e-10       16982.422
   2.8958566e-10       17377.994
   2.7126862e-10       17782.779
   2.5410840e-10       18196.993
   2.3803207e-10       18620.856
   2.2297128e-10       19054.591
   2.0886198e-10       19498.430
   1.9564415e-10       19952.606
   1.8326156e-10       20417.362
   1.7166150e-10       20892.944
   1.6079463e-10       21379.603
   1.5061465e-10       21877.598
   1.4107822e-10       22387.193
   1.3214471e-10       22908.657
   1.2377607e-10       23442.268
   1.1593664e-10       23988.309
   1.0859301e-10       24547.068
   1.0171386e-10       25118.843
   9.5269868e-11       25703.936
   8.9233537e-11       26302.658
   8.3579130e-11       26915.325
   7.8282505e-11       27542.264
   7.3321064e-11       28183.805
   6.8673636e-11       28840.291
   6.4320362e-11       29512.067
   6.0242658e-11       30199.492
   5.6423109e-11       30902.928
   5.2845391e-11       31622.750
   4.9494218e-11       32359.338
   4.6355263e-11       33113.084
   4.3415112e-11       33884.387
   4.0661186e-11       34673.656
   3.8081708e-11       35481.309
   3.5665648e-11       36307.775
   3.3402663e-11       37153.491
   3.1283073e-11       38018.907
   2.9297800e-11       38904.481
   2.7438345e-11       39810.683
   2.5696749e-11       40737.993
   2.4065550e-11       41686.903
   2.2537760e-11       42657.915
   2.1106833e-11       43651.546
   1.9766636e-11       44668.321
   1.8511425e-11       45708.780
   1.7335817e-11       46773.474
   1.6234770e-11       47862.968
   1.5203566e-11       48977.840
   1.4237775e-11       50118.680
   1.3333256e-11       51286.094
   1.2486128e-11       52480.701
   1.1692754e-11       53703.133
   1.0949726e-11       54954.040
   1.0253854e-11       56234.084
   9.6021507e-12       57543.944
   8.9918142e-12       58884.315
   8.4202246e-12       60255.907
   7.8849236e-12       61659.447
   7.3836120e-12       63095.680
   6.9141325e-12       64565.367
   6.4744677e-12       66069.288
   6.0627263e-12       67608.239
   5.6771371e-12       69183.037
   5.3160414e-12       70794.517
   4.9778853e-12       72443.533
   4.6612133e-12       74130.960
   4.3646623e-12       75857.692
   4.0869552e-12       77624.644
   3.8268967e-12       79432.754
   3.5833658e-12       81282.981
   3.3553139e-12       83176.305
   3.1417586e-12       85113.730
   2.9417790e-12       87096.283
   2.7545136e-12       89125.016
   2.5791550e-12       91201.004
   2.4149469e-12       93325.349
   2.2611813e-12       95499.175
   2.1171949e-12       97723.637
   1.9823665e-12       99999.913
   1.8561144e-12       102329.21
   1.7378938e-12       104712.76
   1.6271941e-12       107151.84
   1.5235378e-12       109647.72
   1.4264771e-12       112201.75
   1.3355928e-12       114815.26
   1.2504923e-12       117489.65
   1.1708082e-12       120226.34
   1.0961959e-12       123026.77
   1.0263332e-12       125892.43
   9.6091798e-13       128824.84
   8.9966744e-13       131825.56
   8.4231672e-13       134896.17
   7.8861792e-13       138038.30
   7.3833870e-13       141253.63
   6.9126156e-13       144543.85
   6.4718277e-13       147910.71
   6.0591164e-13       151355.99
   5.6726954e-13       154881.52
   5.3108917e-13       158489.18
   4.9721387e-13       162180.87
   4.6549694e-13       165958.54
   4.3580105e-13       169824.21
   4.0799753e-13       173779.93
   3.8196597e-13       177827.78
   3.5759351e-13       181969.92
   3.3477458e-13       186208.55
   3.1341024e-13       190545.90
   2.9340785e-13       194984.29
   2.7468072e-13       199526.05
   2.5714763e-13       204173.61
   2.4073251e-13       208929.43
   2.2536417e-13       213796.02
   2.1097593e-13       218775.97
   1.9750534e-13       223871.91
   1.8489394e-13       229086.56
   1.7308701e-13       234422.67
   1.6203327e-13       239883.08
   1.5168472e-13       245470.67
   1.4199643e-13       251188.42
   1.3292632e-13       257039.35
   1.2443497e-13       263026.56
   1.1648552e-13       269153.24
   1.0904339e-13       275422.62
   1.0207626e-13       281838.04
   9.5553834e-14       288402.89
   8.9447763e-14       295120.66
   8.3731497e-14       301994.90
   7.8380173e-14       309029.27
   7.3370516e-14       316227.48
   6.8680738e-14       323593.37
   6.4290431e-14       331130.82
   6.0180498e-14       338843.85
   5.6333044e-14       346736.54
   5.2731325e-14       354813.07
   4.9359666e-14       363077.73
   4.6203384e-14       371534.89
   4.3248733e-14       380189.05
   4.0482849e-14       389044.79
   3.7893682e-14       398106.81
   3.5469955e-14       407379.91
   3.3201103e-14       416869.01
   3.1077242e-14       426579.13
   2.9089117e-14       436515.44
   2.7228060e-14       446683.19
   2.5485958e-14       457087.77
   2.3855213e-14       467734.72
   2.2328717e-14       478629.66
   2.0899810e-14       489778.37
   1.9562260e-14       501186.78
   1.8310232e-14       512860.92
   1.7138263e-14       524806.98
   1.6041239e-14       537031.31
   1.5014370e-14       549540.37
   1.4053177e-14       562340.81
   1.3153461e-14       575439.41
   1.2311295e-14       588843.12
   1.1523001e-14       602559.03
   1.0785137e-14       616594.44
   1.0094478e-14       630956.77
   9.4480071e-15       645653.64
   8.8429020e-15       660692.84
   8.2765156e-15       676082.35
   7.7463746e-15       691830.34
   7.2501616e-15       707945.13
   6.7857059e-15       724435.29
   6.3509781e-15       741309.56
   5.9440766e-15       758576.88
   5.5632222e-15       776246.40
   5.2067492e-15       794327.50
   4.8730979e-15       812829.77
   4.5608082e-15       831763.00
   4.2685145e-15       851137.25
   3.9949373e-15       870962.79
   3.7388788e-15       891250.11
   3.4992189e-15       912010.00
   3.2749078e-15       933253.44
   3.0649635e-15       954991.70
   2.8684667e-15       977236.32
   2.6845568e-15       999999.07
   2.5124280e-15       1023292.0
   2.3513268e-15       1047127.6
   2.2005469e-15       1071518.3
   2.0594278e-15       1096477.2
   1.9273508e-15       1122017.4
   1.8037374e-15       1148152.6
   1.6880456e-15       1174896.5
   1.5797681e-15       1202263.3
   1.4784302e-15       1230267.6
   1.3835875e-15       1258924.2
   1.2948240e-15       1288248.4
   1.2117505e-15       1318255.5
   1.1340025e-15       1348961.6
   1.0612389e-15       1380383.0
   9.9314041e-16       1412536.2
   9.2940817e-16       1445438.4
   8.6976255e-16       1479107.0
   8.1394159e-16       1513559.8
   7.6170036e-16       1548815.2
   7.1280946e-16       1584891.7
   6.6705422e-16       1621808.6
   6.2423364e-16       1659585.4
   5.8415971e-16       1698242.1
   5.4665638e-16       1737799.2
   5.1155888e-16       1778277.7
   4.7871301e-16       1819699.1
   4.4797444e-16       1862085.4
   4.1920807e-16       1905458.9
   3.9228748e-16       1949842.8
   3.6709434e-16       1995260.4
   3.4351786e-16       2041736.0
   3.2145443e-16       2089294.2
   3.0080697e-16       2137960.1
   2.8148472e-16       2187759.6
   2.6340268e-16       2238719.0
   2.4648129e-16       2290865.5
   2.3064615e-16       2344226.6
   2.1582756e-16       2398830.6
   2.0196032e-16       2454706.6
   1.8898339e-16       2511884.1
   1.7683966e-16       2570393.3
   1.6547569e-16       2630265.5
   1.5484143e-16       2691532.3
   1.4489008e-16       2754226.1
   1.3557780e-16       2818380.3
   1.2686358e-16       2884028.8
   1.1870906e-16       2951206.4
   1.1107831e-16       3019948.8
   1.0393771e-16       3090292.5
   9.7255800e-17       3162274.6
   9.1003135e-17       3235933.5
   8.5152176e-17       3311308.1
   7.9677120e-17       3388438.3
   7.4553835e-17       3467365.2
   6.9759748e-17       3548130.5
   6.5273715e-17       3630777.1
   6.1075959e-17       3715348.7
   5.7147963e-17       3801890.3
   5.3472409e-17       3890447.7
   5.0033088e-17       3981067.9
   4.6814823e-17       4073798.9
   4.3803419e-17       4168689.8
   4.0985588e-17       4265791.1
   3.8348897e-17       4365154.1
   3.5881712e-17       4466831.6
   3.3573140e-17       4570877.5
   3.1412994e-17       4677346.9
   2.9391739e-17       4786296.3
   2.7500452e-17       4897783.5
   2.5730778e-17       5011867.5
   2.4074905e-17       5128608.9
   2.2525519e-17       5248069.5
   2.1075779e-17       5370312.8
   1.9719281e-17       5495403.4
   1.8450030e-17       5623407.8
   1.7262419e-17       5754393.8
   1.6151203e-17       5888430.9
   1.5111468e-17       6025590.0
   1.4138621e-17       6165944.1
   1.3228362e-17       6309567.3
   1.2376666e-17       6456536.0
   1.1579769e-17       6606928.1
   1.0834148e-17       6760823.2
   1.0136504e-17       6918303.0
   9.4837548e-18       7079451.0
   8.8730117e-18       7244352.6
   8.3015730e-18       7413095.2
   7.7669125e-18       7585768.4
   7.2666634e-18       7762463.6
   6.7986128e-18       7943274.6
   6.3606901e-18       8128297.3
   5.9509569e-18       8317629.6
   5.5675997e-18       8511372.1
   5.2089226e-18       8709627.4
   4.8733366e-18       8912500.7
   4.5593575e-18       9120099.5
   4.2655938e-18       9332533.9
   3.9907453e-18       9549916.5
   3.7335951e-18       9772362.7
   3.4930042e-18       9999990.2
   3.2679069e-18       10232920.
   3.0573061e-18       10471275.
   2.8602688e-18       10715183.
   2.6759220e-18       10964771.
   2.5034491e-18       11220174.
   2.3420856e-18       11481525.
   2.1911164e-18       11748964.
   2.0498727e-18       12022633.
   1.9177279e-18       12302676.
   1.7940964e-18       12589242.
   1.6784303e-18       12882483.
   1.5702166e-18       13182554.
   1.4689754e-18       13489616.
   1.3742578e-18       13803829.
   1.2856436e-18       14125362.
   1.2027399e-18       14454383.
   1.1251789e-18       14791069.
   1.0526165e-18       15135598.
   9.8473081e-19       15488151.
   9.2122040e-19       15848916.
   8.6180376e-19       16218085.
   8.0621696e-19       16595853.
   7.5421336e-19       16982420.
   7.0556216e-19       17377991.
   6.6004732e-19       17782776.
   6.1746680e-19       18196991.
   5.7763160e-19       18620853.
   5.4036478e-19       19054588.
   5.0550083e-19       19498427.
   4.7288494e-19       19952603.
   4.4237226e-19       20417359.
   4.1382722e-19       20892941.
   3.8712301e-19       21379600.
   3.6214099e-19       21877594.
   3.3877019e-19       22387189.
   3.1690675e-19       22908654.
   2.9645349e-19       23442265.
   2.7731951e-19       23988305.
   2.5941979e-19       24547065.
   2.4267473e-19       25118839.
   2.2700992e-19       25703932.
   2.1235568e-19       26302654.
   1.9864688e-19       26915321.
   1.8582256e-19       27542259.
   1.7382567e-19       28183801.
   1.6260287e-19       28840286.
   1.5210425e-19       29512063.
   1.4228309e-19       30199487.
   1.3309571e-19       30902923.
   1.2450123e-19       31622745.
   1.1646141e-19       32359333.
   1.0894049e-19       33113079.
   1.0190497e-19       33884382.
   9.5323570e-20       34673650.
   8.9166975e-20       35481303.
   8.3407794e-20       36307769.
   7.8020386e-20       37153485.
   7.2980756e-20       38018901.
   6.8266479e-20       38904475.
   6.3856553e-20       39810677.
   5.9731352e-20       40737987.
   5.5872490e-20       41686896.
   5.2262790e-20       42657909.
   4.8886171e-20       43651539.
   4.5727588e-20       44668314.
   4.2772973e-20       45708773.
   4.0009166e-20       46773467.
   3.7423842e-20       47862961.
   3.5005489e-20       48977832.
   3.2743327e-20       50118673.
   3.0627273e-20       51286086.
   2.8647898e-20       52480693.
   2.6796375e-20       53703125.
   2.5064453e-20       54954032.
   2.3444410e-20       56234075.
   2.1929023e-20       57543935.
   2.0511535e-20       58884306.
   1.9185624e-20       60255897.
   1.7945376e-20       61659437.
   1.6785264e-20       63095670.
   1.5700108e-20       64565357.
   1.4685070e-20       66069277.
   1.3735622e-20       67608229.
   1.2847526e-20       69183026.
   1.2016822e-20       70794506.
   1.1239803e-20       72443522.
   1.0512999e-20       74130948.
   9.8331693e-21       75857680.
   9.1972783e-21       77624632.
   8.6024877e-21       79432742.
   8.0461425e-21       81282968.
   7.5257595e-21       83176292.
   7.0390146e-21       85113717.
   6.5837345e-21       87096270.
   6.1578871e-21       89125002.
   5.7595702e-21       91200990.
   5.3870049e-21       93325334.
   5.0385272e-21       95499160.
   4.7125804e-21       97723622.
   4.4077090e-21       99999897.
   4.1225506e-21   1.0232919e+08
   3.8558317e-21   1.0471275e+08
   3.6063600e-21   1.0715182e+08
   3.3730208e-21   1.0964771e+08
   3.1547717e-21   1.1220173e+08
   2.9506373e-21   1.1481524e+08
   2.7597051e-21   1.1748963e+08
   2.5811220e-21   1.2022632e+08
   2.4140893e-21   1.2302675e+08
   2.2578604e-21   1.2589241e+08
   2.1117370e-21   1.2882482e+08
   1.9750658e-21   1.3182554e+08
   1.8472355e-21   1.3489615e+08
   1.7276745e-21   1.3803828e+08
   1.6158484e-21   1.4125361e+08
   1.5112568e-21   1.4454383e+08
   1.4134319e-21   1.4791069e+08
   1.3219364e-21   1.5135597e+08
   1.2363607e-21   1.5488150e+08
   1.1563221e-21   1.5848915e+08
   1.0814624e-21   1.6218084e+08
   1.0114468e-21   1.6595852e+08
   9.4596191e-22   1.6982419e+08
   8.8471480e-22   1.7377990e+08
   8.2743128e-22   1.7782776e+08
   7.7385498e-22   1.8196990e+08
   7.2374608e-22   1.8620852e+08
   6.7688032e-22   1.9054587e+08
   6.3304788e-22   1.9498426e+08
   5.9205255e-22   1.9952602e+08
   5.5371078e-22   2.0417358e+08
   5.1785086e-22   2.0892939e+08
   4.8431228e-22   2.1379599e+08
   4.5294480e-22   2.1877593e+08
   4.2360791e-22   2.2387188e+08
   3.9617029e-22   2.2908653e+08
   3.7050901e-22   2.3442264e+08
   3.4650913e-22   2.3988304e+08
   3.2406313e-22   2.4547063e+08
   3.0307046e-22   2.5118838e+08
   2.8343704e-22   2.5703931e+08
   2.6507493e-22   2.6302652e+08
   2.4790185e-22   2.6915320e+08
   2.3184084e-22   2.7542258e+08
   2.1681990e-22   2.8183800e+08
   2.0277171e-22   2.8840285e+08
   1.8963333e-22   2.9512061e+08
   1.7734584e-22   3.0199485e+08
   1.6585417e-22   3.0902922e+08
   1.5510682e-22   3.1622743e+08
   1.4505557e-22   3.2359332e+08
   1.3565536e-22   3.3113077e+08
   1.2686406e-22   3.3884380e+08
   1.1864223e-22   3.4673648e+08
   1.1095301e-22   3.5481301e+08
   1.0376190e-22   3.6307767e+08
   9.7036663e-23   3.7153484e+08
   9.0747119e-23   3.8018899e+08
   8.4865057e-23   3.8904473e+08
   7.9364090e-23   3.9810675e+08
   7.4219537e-23   4.0737985e+08
   6.9408324e-23   4.1686894e+08
   6.4908851e-23   4.2657907e+08
   6.0700934e-23   4.3651537e+08
   5.6765692e-23   4.4668312e+08
   5.3085461e-23   4.5708770e+08
   4.9643720e-23   4.6773464e+08
   4.6425023e-23   4.7862958e+08
   4.3414922e-23   4.8977830e+08
   4.0599907e-23   5.0118670e+08
   3.7967339e-23   5.1286084e+08
   3.5505396e-23   5.2480690e+08
   3.3203026e-23   5.3703122e+08
   3.1049890e-23   5.4954029e+08
   2.9036320e-23   5.6234072e+08
   2.7153274e-23   5.7543932e+08
   2.5392293e-23   5.8884303e+08
   2.3745469e-23   6.0255894e+08
   2.2205406e-23   6.1659434e+08
   2.0765184e-23   6.3095667e+08
   1.9418333e-23   6.4565354e+08
   1.8158803e-23   6.6069274e+08
   1.6980938e-23   6.7608225e+08
   1.5879440e-23   6.9183023e+08
   1.4849363e-23   7.0794502e+08
   1.3886079e-23   7.2443518e+08
   1.2985256e-23   7.4130945e+08
   1.2142848e-23   7.5857676e+08
   1.1355067e-23   7.7624628e+08
   1.0618374e-23   7.9432738e+08
   9.9294553e-24   8.1282964e+08
   9.2852155e-24   8.3176288e+08
   8.6827577e-24   8.5113712e+08
   8.1193737e-24   8.7096265e+08
   7.5925298e-24   8.9124998e+08
   7.0998578e-24   9.1200986e+08
   6.6391409e-24   9.3325329e+08
   6.2083085e-24   9.5499155e+08
   5.8054226e-24   9.7723617e+08
   5.4286714e-24   9.9999892e+08
   5.0763598e-24   1.0232919e+09
   4.7469034e-24   1.0471274e+09
   4.4388201e-24   1.0715181e+09
   4.1507242e-24   1.0964770e+09
   3.8813187e-24   1.1220172e+09
   3.6293924e-24   1.1481524e+09
   3.3938117e-24   1.1748963e+09
   3.1735158e-24   1.2022631e+09
   2.9675141e-24   1.2302674e+09
   2.7748790e-24   1.2589240e+09
   2.5947440e-24   1.2882482e+09
   2.4262979e-24   1.3182553e+09
   2.2687827e-24   1.3489614e+09
   2.1214894e-24   1.3803828e+09
   1.9837546e-24   1.4125360e+09
   1.8549587e-24   1.4454382e+09
   1.7345217e-24   1.4791068e+09
   1.6219012e-24   1.5135596e+09
   1.5165901e-24   1.5488149e+09
   1.4181142e-24   1.5848915e+09
   1.3260302e-24   1.6218083e+09
   1.2399232e-24   1.6595851e+09
   1.1594055e-24   1.6982418e+09
   1.0841144e-24   1.7377989e+09
   1.0137107e-24   1.7782775e+09
   9.4787742e-25   1.8196989e+09
   8.8631787e-25   1.8620851e+09
   8.2875478e-25   1.9054586e+09
   7.7492868e-25   1.9498425e+09
   7.2459719e-25   1.9952601e+09
   6.7753345e-25   2.0417357e+09
   6.3352547e-25   2.0892938e+09
   5.9237478e-25   2.1379597e+09
   5.5389607e-25   2.1877592e+09
   5.1791583e-25   2.2387187e+09
   4.8427195e-25   2.2908651e+09
   4.5281277e-25   2.3442262e+09
   4.2339644e-25   2.3988303e+09
   3.9589036e-25   2.4547062e+09
   3.7017056e-25   2.5118837e+09
   3.4612108e-25   2.5703930e+09
   3.2363349e-25   2.6302651e+09
   3.0260635e-25   2.6915318e+09
   2.8294491e-25   2.7542257e+09
   2.6456045e-25   2.8183798e+09
   2.4737009e-25   2.8840283e+09
   2.3129629e-25   2.9512060e+09
   2.1626656e-25   3.0199484e+09
   2.0221312e-25   3.0902920e+09
   1.8907254e-25   3.1622742e+09
   1.7678559e-25   3.2359330e+09
   1.6529682e-25   3.3113075e+09
   1.5455438e-25   3.3884378e+09
   1.4450984e-25   3.4673647e+09
   1.3511785e-25   3.5481300e+09
   1.2633605e-25   3.6307765e+09
   1.1812480e-25   3.7153482e+09
   1.1044705e-25   3.8018897e+09
   1.0326814e-25   3.8904471e+09
   9.6555687e-26   3.9810673e+09
   9.0279393e-26   4.0737982e+09
   8.4410915e-26   4.1686892e+09
   7.8923777e-26   4.2657904e+09
   7.3793198e-26   4.3651535e+09
   6.8996024e-26   4.4668309e+09
   6.4510598e-26   4.5708768e+09
   6.0316662e-26   4.6773462e+09
   5.6395284e-26   4.7862956e+09
   5.2728757e-26   4.8977827e+09
   4.9300522e-26   5.0118667e+09
   4.6095099e-26   5.1286081e+09
   4.3098017e-26   5.2480687e+09
   4.0295733e-26   5.3703120e+09
   3.7675590e-26   5.4954026e+09
   3.5225761e-26   5.6234070e+09
   3.2935171e-26   5.7543929e+09
   3.0793478e-26   5.8884300e+09
   2.8791004e-26   6.0255891e+09
   2.6918707e-26   6.1659431e+09
   2.5168122e-26   6.3095664e+09
   2.3531342e-26   6.4565350e+09
   2.2000972e-26   6.6069271e+09
   2.0570095e-26   6.7608222e+09
   1.9232246e-26   6.9183019e+09
   1.7981379e-26   7.0794499e+09
   1.6811840e-26   7.2443515e+09
   1.5718345e-26   7.4130941e+09
   1.4695949e-26   7.5857672e+09
   1.3740031e-26   7.7624624e+09
   1.2846272e-26   7.9432734e+09
   1.2010629e-26   8.1282960e+09
   1.1229326e-26   8.3176283e+09
   1.0498831e-26   8.5113708e+09
   9.8158402e-27   8.7096261e+09
   9.1772650e-27   8.9124993e+09
   8.5802190e-27   9.1200981e+09
   8.0220020e-27   9.3325325e+09
   7.5000897e-27   9.5499151e+09
   7.0121214e-27   9.7723611e+09
   6.5558910e-27   9.9999887e+09
   6.1293341e-27   1.0232918e+10
   5.7305213e-27   1.0471274e+10
   5.3576498e-27   1.0715181e+10
   5.0090318e-27   1.0964770e+10
   4.6830905e-27   1.1220172e+10
   4.3783514e-27   1.1481523e+10
   4.0934358e-27   1.1748962e+10
   3.8270547e-27   1.2022631e+10
   3.5780027e-27   1.2302674e+10
   3.3451527e-27   1.2589240e+10
   3.1274512e-27   1.2882481e+10
   2.9239129e-27   1.3182552e+10
   2.7336170e-27   1.3489613e+10
   2.5557019e-27   1.3803827e+10
   2.3893624e-27   1.4125359e+10
   2.2338459e-27   1.4454381e+10
   2.0884480e-27   1.4791067e+10
   1.9525109e-27   1.5135595e+10
   1.8254191e-27   1.5488149e+10
   1.7065971e-27   1.5848914e+10
   1.5955072e-27   1.6218082e+10
   1.4916462e-27   1.6595850e+10
   1.3945441e-27   1.6982417e+10
   1.3037610e-27   1.7377988e+10
   1.2188858e-27   1.7782774e+10
   1.1395342e-27   1.8196988e+10
   1.0653470e-27   1.8620850e+10
   9.9598803e-28   1.9054585e+10
   9.3114322e-28   1.9498424e+10
   8.7051879e-28   1.9952600e+10
   8.1384031e-28   2.0417356e+10
   7.6085090e-28   2.0892937e+10
   7.1131054e-28   2.1379596e+10
   6.6499487e-28   2.1877591e+10
   6.2169394e-28   2.2387186e+10
   5.8121171e-28   2.2908650e+10
   5.4336469e-28   2.3442261e+10
   5.0798136e-28   2.3988302e+10
   4.7490149e-28   2.4547061e+10
   4.4397510e-28   2.5118835e+10
   4.1506203e-28   2.5703928e+10
   3.8803131e-28   2.6302650e+10
   3.6276041e-28   2.6915317e+10
   3.3913479e-28   2.7542255e+10
   3.1704736e-28   2.8183797e+10
   2.9639802e-28   2.8840282e+10
   2.7709315e-28   2.9512058e+10
   2.5904526e-28   3.0199482e+10
   2.4217252e-28   3.0902919e+10
   2.2639843e-28   3.1622740e+10
   2.1165149e-28   3.2359328e+10
   1.9786483e-28   3.3113074e+10
   1.8497594e-28   3.3884376e+10
   1.7292637e-28   3.4673645e+10
   1.6166150e-28   3.5481298e+10
   1.5113021e-28   3.6307763e+10
   1.4128478e-28   3.7153480e+10
   1.3208054e-28   3.8018895e+10
   1.2347574e-28   3.8904469e+10
   1.1543136e-28   3.9810671e+10
   1.0791090e-28   4.0737980e+10
   1.0088027e-28   4.1686890e+10
   9.4307559e-29   4.2657902e+10
   8.8162958e-29   4.3651532e+10
   8.2418583e-29   4.4668307e+10
   7.7048386e-29   4.5708766e+10
   7.2027986e-29   4.6773460e+10
   6.7334622e-29   4.7862953e+10
   6.2946986e-29   4.8977825e+10
   5.8845170e-29   5.0118665e+10
   5.5010560e-29   5.1286078e+10
   5.1425760e-29   5.2480685e+10
   4.8074495e-29   5.3703117e+10
   4.4941557e-29   5.4954023e+10
   4.2012729e-29   5.6234067e+10
   3.9274716e-29   5.7543926e+10
   3.6715089e-29   5.8884297e+10
   3.4322232e-29   6.0255888e+10
   3.2085280e-29   6.1659428e+10
   2.9994078e-29   6.3095660e+10
   2.8039136e-29   6.4565347e+10
   2.6211573e-29   6.6069267e+10
   2.4503095e-29   6.7608218e+10
   2.2905944e-29   6.9183016e+10
   2.1412868e-29   7.0794495e+10
   2.0017087e-29   7.2443511e+10
   1.8712263e-29   7.4130937e+10
   1.7492471e-29   7.5857668e+10
   1.6352168e-29   7.7624620e+10
   1.5286181e-29   7.9432730e+10
   1.4289663e-29   8.1282956e+10
   1.3358092e-29   8.3176279e+10
   1.2487233e-29   8.5113703e+10
   1.1673134e-29   8.7096256e+10
   1.0912093e-29   8.9124989e+10
   1.0200656e-29   9.1200976e+10
   9.5355884e-30   9.3325320e+10
   8.9138711e-30   9.5499146e+10
   8.3326773e-30   9.7723606e+10
   7.7893680e-30   9.9999882e+10
   7.2814732e-30   1.0232918e+11
   6.8066863e-30   1.0471273e+11
   6.3628482e-30   1.0715180e+11
   5.9479439e-30   1.0964769e+11
   5.5600864e-30   1.1220171e+11
   5.1975139e-30   1.1481523e+11
   4.8585777e-30   1.1748962e+11
   4.5417382e-30   1.2022630e+11
   4.2455546e-30   1.2302673e+11
   3.9686811e-30   1.2589239e+11
   3.7098587e-30   1.2882480e+11
   3.4679111e-30   1.3182552e+11
   3.2417384e-30   1.3489613e+11
   3.0303125e-30   1.3803826e+11
   2.8326719e-30   1.4125359e+11
   2.6479182e-30   1.4454380e+11
   2.4752112e-30   1.4791066e+11
   2.3137658e-30   1.5135594e+11
   2.1628475e-30   1.5488148e+11
   2.0217707e-30   1.5848913e+11
   1.8898934e-30   1.6218082e+11
   1.7666159e-30   1.6595849e+11
   1.6513775e-30   1.6982416e+11
   1.5436544e-30   1.7377988e+11
   1.4429564e-30   1.7782773e+11
   1.3488254e-30   1.8196987e+11
   1.2608335e-30   1.8620849e+11
   1.1785802e-30   1.9054584e+11
   1.1016915e-30   1.9498423e+11
   1.0298175e-30   1.9952599e+11
   9.6263132e-31   2.0417355e+11
   8.9982729e-31   2.0892936e+11
   8.4111953e-31   2.1379595e+11
   7.8624115e-31   2.1877590e+11
   7.3494230e-31   2.2387184e+11
   6.8698960e-31   2.2908649e+11
   6.4216481e-31   2.3442260e+11
   6.0026398e-31   2.3988300e+11
   5.6109646e-31   2.4547060e+11
   5.2448395e-31   2.5118834e+11
   4.9025986e-31   2.5703927e+11
   4.5826840e-31   2.6302648e+11
   4.2836397e-31   2.6915316e+11
   4.0041047e-31   2.7542254e+11
   3.7428060e-31   2.8183795e+11
   3.4985550e-31   2.8840280e+11
   3.2702392e-31   2.9512057e+11
   3.0568192e-31   3.0199481e+11
   2.8573240e-31   3.0902917e+11
   2.6708447e-31   3.1622738e+11
   2.4965328e-31   3.2359327e+11
   2.3335942e-31   3.3113072e+11
   2.1812875e-31   3.3884375e+11
   2.0389187e-31   3.4673643e+11
   1.9058396e-31   3.5481296e+11
   1.7814443e-31   3.6307761e+11
   1.6651663e-31   3.7153478e+11
   1.5564759e-31   3.8018893e+11
   1.4548784e-31   3.8904467e+11
   1.3599108e-31   3.9810669e+11
   1.2711408e-31   4.0737978e+11
   1.1881638e-31   4.1686888e+11
   1.1106020e-31   4.2657900e+11
   1.0381021e-31   4.3651530e+11
   9.7033373e-32   4.4668305e+11
   9.0698823e-32   4.5708763e+11
   8.4777705e-32   4.6773457e+11
   7.9243042e-32   4.7862951e+11
   7.4069609e-32   4.8977822e+11
   6.9233849e-32   5.0118662e+11
   6.4713715e-32   5.1286076e+11
   6.0488624e-32   5.2480682e+11
   5.6539309e-32   5.3703114e+11
   5.2847787e-32   5.4954020e+11
   4.9397229e-32   5.6234064e+11
   4.6171908e-32   5.7543923e+11
   4.3157126e-32   5.8884293e+11
   4.0339149e-32   6.0255885e+11
   3.7705124e-32   6.1659425e+11
   3.5243054e-32   6.3095657e+11
   3.2941713e-32   6.4565344e+11
   3.0790608e-32   6.6069264e+11
   2.8779937e-32   6.7608215e+11
   2.6900536e-32   6.9183012e+11
   2.5143833e-32   7.0794492e+11
   2.3501820e-32   7.2443507e+11
   2.1967014e-32   7.4130933e+11
   2.0532414e-32   7.5857664e+11
   1.9191481e-32   7.7624616e+11
   1.7938101e-32   7.9432726e+11
   1.6766558e-32   8.1282952e+11
   1.5671511e-32   8.3176275e+11
   1.4647966e-32   8.5113699e+11
   1.3691255e-32   8.7096252e+11
   1.2797013e-32   8.9124984e+11
   1.1961167e-32   9.1200971e+11
   1.1179900e-32   9.3325315e+11
   1.0449652e-32   9.5499141e+11
   9.7670900e-33   9.7723601e+11
   9.1291022e-33   9.9999876e+11
   8.5327783e-33   1.0232917e+12
   7.9753971e-33   1.0471273e+12
   7.4544165e-33   1.0715180e+12
   6.9674606e-33   1.0964768e+12
   6.5123070e-33   1.1220171e+12
   6.0868798e-33   1.1481522e+12
   5.6892376e-33   1.1748961e+12
   5.3175665e-33   1.2022629e+12
   4.9701705e-33   1.2302672e+12
   4.6454644e-33   1.2589239e+12
   4.3419668e-33   1.2882480e+12
   4.0582925e-33   1.3182551e+12
   3.7931473e-33   1.3489612e+12
   3.5453211e-33   1.3803825e+12
   3.3136829e-33   1.4125358e+12
   3.0971756e-33   1.4454380e+12
   2.8948110e-33   1.4791065e+12
   2.7056655e-33   1.5135594e+12
   2.5288757e-33   1.5488147e+12
   2.3636350e-33   1.5848912e+12
   2.2091888e-33   1.6218081e+12
   2.0648321e-33   1.6595848e+12
   1.9299061e-33   1.6982415e+12
   1.8037948e-33   1.7377987e+12
   1.6859225e-33   1.7782772e+12
   1.5757509e-33   1.8196986e+12
   1.4727772e-33   1.8620848e+12
   1.3765313e-33   1.9054583e+12
   1.2865734e-33   1.9498422e+12
   1.2024932e-33   1.9952598e+12
   1.1239065e-33   2.0417354e+12
   1.0504545e-33   2.0892935e+12
   9.8180181e-34   2.1379594e+12
   9.1763497e-34   2.1877589e+12
   8.5766079e-34   2.2387183e+12
   8.0160560e-34   2.2908648e+12
   7.4921317e-34   2.3442259e+12
   7.0024433e-34   2.3988299e+12
   6.5447535e-34   2.4547058e+12
   6.1169728e-34   2.5118833e+12
   5.7171463e-34   2.5703926e+12
   5.3434479e-34   2.6302647e+12
   4.9941709e-34   2.6915314e+12
   4.6677195e-34   2.7542252e+12
   4.3626021e-34   2.8183794e+12
   4.0774253e-34   2.8840279e+12
   3.8108856e-34   2.9512055e+12
   3.5617658e-34   3.0199479e+12
   3.3289275e-34   3.0902915e+12
   3.1113069e-34   3.1622737e+12
   2.9079095e-34   3.2359325e+12
   2.7178061e-34   3.3113070e+12
   2.5401278e-34   3.3884373e+12
   2.3740628e-34   3.4673641e+12
   2.2188521e-34   3.5481294e+12
   2.0737867e-34   3.6307760e+12
   1.9382033e-34   3.7153476e+12
   1.8114823e-34   3.8018892e+12
   1.6930447e-34   3.8904465e+12
   1.5823489e-34   3.9810667e+12
   1.4788892e-34   4.0737976e+12
   1.3821926e-34   4.1686886e+12
   1.2918171e-34   4.2657898e+12
   1.2073496e-34   4.3651528e+12
   1.1284039e-34   4.4668303e+12
   1.0546192e-34   4.5708761e+12
   9.8565810e-35   4.6773455e+12
   9.2120536e-35   4.7862948e+12
   8.6096633e-35   4.8977820e+12
   8.0466560e-35   5.0118660e+12
   7.5204570e-35   5.1286073e+12
   7.0286607e-35   5.2480679e+12
   6.5690183e-35   5.3703111e+12
   6.1394279e-35   5.4954017e+12
   5.7379254e-35   5.6234061e+12
   5.3626747e-35   5.7543920e+12
   5.0119589e-35   5.8884290e+12
   4.6841754e-35   6.0255882e+12
   4.3778245e-35   6.1659422e+12
   4.0915047e-35   6.3095654e+12
   3.8239072e-35   6.4565340e+12
   3.5738076e-35   6.6069260e+12
   3.3400624e-35   6.7608211e+12
   3.1216019e-35   6.9183009e+12
   2.9174272e-35   7.0794488e+12
   2.7266039e-35   7.2443503e+12
   2.5482594e-35   7.4130929e+12
   2.3815780e-35   7.5857660e+12
   2.2257968e-35   7.7624612e+12
   2.0802034e-35   7.9432722e+12
   1.9441315e-35   8.1282947e+12
   1.8169585e-35   8.3176270e+12
   1.6981028e-35   8.5113695e+12
   1.5870203e-35   8.7096247e+12
   1.4832027e-35   8.9124979e+12
   1.3861753e-35   9.1200967e+12
   1.2954938e-35   9.3325310e+12
   1.2107433e-35   9.5499136e+12
   1.1315360e-35   9.7723596e+12
   1.0575094e-35   9.9999871e+12
   9.8832478e-36   1.0232917e+13
   9.2366542e-36   1.0471272e+13
   8.6323544e-36   1.0715179e+13
   8.0675819e-36   1.0964768e+13
   7.5397523e-36   1.1220170e+13
   7.0464494e-36   1.1481521e+13
   6.5854151e-36   1.1748960e+13
   6.1545394e-36   1.2022629e+13
   5.7518498e-36   1.2302672e+13
   5.3755025e-36   1.2589238e+13
   5.0237751e-36   1.2882479e+13
   4.6950567e-36   1.3182550e+13
   4.3878433e-36   1.3489611e+13
   4.1007275e-36   1.3803825e+13
   3.8323953e-36   1.4125357e+13
   3.5816181e-36   1.4454379e+13
   3.3472474e-36   1.4791065e+13
   3.1282101e-36   1.5135593e+13
   2.9235036e-36   1.5488146e+13
   2.7321900e-36   1.5848911e+13
   2.5533932e-36   1.6218080e+13
   2.3862950e-36   1.6595848e+13
   2.2301296e-36   1.6982414e+13
   2.0841822e-36   1.7377986e+13
   1.9477842e-36   1.7782771e+13
   1.8203108e-36   1.8196985e+13
   1.7011783e-36   1.8620847e+13
   1.5898412e-36   1.9054582e+13
   1.4857892e-36   1.9498421e+13
   1.3885459e-36   1.9952597e+13
   1.2976659e-36   2.0417353e+13
   1.2127327e-36   2.0892934e+13
   1.1333574e-36   2.1379593e+13
   1.0591763e-36   2.1877588e+13
   9.8984961e-37   2.2387182e+13
   9.2505967e-37   2.2908647e+13
   8.6450968e-37   2.3442258e+13
   8.0792233e-37   2.3988298e+13
   7.5503818e-37   2.4547057e+13
   7.0561494e-37   2.5118831e+13
   6.5942626e-37   2.5703924e+13
   6.1626048e-37   2.6302646e+13
   5.7591972e-37   2.6915313e+13
   5.3821923e-37   2.7542251e+13
   5.0298615e-37   2.8183792e+13
   4.7005909e-37   2.8840277e+13
   4.3928711e-37   2.9512054e+13
   4.1052920e-37   3.0199478e+13
   3.8365359e-37   3.0902914e+13
   3.5853705e-37   3.1622735e+13
   3.3506450e-37   3.2359323e+13
   3.1312835e-37   3.3113069e+13
   2.9262805e-37   3.3884371e+13
   2.7346965e-37   3.4673639e+13
   2.5556529e-37   3.5481292e+13
   2.3883294e-37   3.6307758e+13
   2.2319588e-37   3.7153474e+13
   2.0858242e-37   3.8018890e+13
   1.9492559e-37   3.8904463e+13
   1.8216276e-37   3.9810665e+13
   1.7023543e-37   4.0737974e+13
   1.5908890e-37   4.1686883e+13
   1.4867208e-37   4.2657896e+13
   1.3893721e-37   4.3651526e+13
   1.2983964e-37   4.4668300e+13
   1.2133766e-37   4.5708759e+13
   1.1339230e-37   4.6773452e+13
   1.0596712e-37   4.7862946e+13
   9.9028058e-38   4.8977817e+13
   9.2543309e-38   5.0118657e+13
   8.6483125e-38   5.1286071e+13
   8.0819715e-38   5.2480677e+13
   7.5527112e-38   5.3703109e+13
   7.0581044e-38   5.4954015e+13
   6.5958816e-38   5.6234058e+13
   6.1639229e-38   5.7543917e+13
   5.7602481e-38   5.8884287e+13
   5.3830051e-38   6.0255879e+13
   5.0304636e-38   6.1659418e+13
   4.7010060e-38   6.3095651e+13
   4.3931217e-38   6.4565337e+13
   4.1053981e-38   6.6069257e+13
   3.8365150e-38   6.7608208e+13
   3.5852395e-38   6.9183005e+13
   3.3504183e-38   7.0794484e+13
   3.1309744e-38   7.2443500e+13
   2.9259008e-38   7.4130925e+13
   2.7342567e-38   7.5857656e+13
   2.5551629e-38   7.7624608e+13
   2.3877977e-38   7.9432718e+13
   2.2313931e-38   8.1282943e+13
   2.0852313e-38   8.3176266e+13
   1.9486419e-38   8.5113690e+13
   1.8209977e-38   8.7096243e+13
   1.7017133e-38   8.9124975e+13
   1.5902413e-38   9.1200962e+13
   1.4860700e-38   9.3325305e+13
   1.3887214e-38   9.5499131e+13
   1.2977487e-38   9.7723591e+13
   1.2127344e-38   9.9999866e+13
   1.1332884e-38   1.0232916e+14
   1.0590459e-38   1.0471271e+14
   9.8966606e-39   1.0715179e+14
   9.2483078e-39   1.0964767e+14
   8.6424228e-39   1.1220170e+14
   8.0762225e-39   1.1481521e+14
   7.5471105e-39   1.1748960e+14
   7.0526581e-39   1.2022628e+14
   6.5905925e-39   1.2302671e+14
   6.1587964e-39   1.2589237e+14
   5.7552841e-39   1.2882478e+14
   5.3782045e-39   1.3182550e+14
   5.0258270e-39   1.3489611e+14
   4.6965317e-39   1.3803824e+14
   4.3888093e-39   1.4125356e+14
   4.1012461e-39   1.4454378e+14
   3.8325205e-39   1.4791064e+14
   3.5813994e-39   1.5135592e+14
   3.3467309e-39   1.5488145e+14
   3.1274361e-39   1.5848911e+14
   2.9225074e-39   1.6218079e+14
   2.7310046e-39   1.6595847e+14
   2.5520476e-39   1.6982414e+14
   2.3848166e-39   1.7377985e+14
   2.2285410e-39   1.7782770e+14
   2.0825047e-39   1.8196984e+14
   1.9460364e-39   1.8620846e+14
   1.8185099e-39   1.9054581e+14
   1.6993392e-39   1.9498420e+14
   1.5879752e-39   1.9952596e+14
   1.4839092e-39   2.0417352e+14
   1.3866619e-39   2.0892933e+14
   1.2957863e-39   2.1379592e+14
   1.2108648e-39   2.1877587e+14
   1.1315079e-39   2.2387181e+14
   1.0573526e-39   2.2908645e+14
   9.8805415e-40   2.3442256e+14
   9.2329734e-40   2.3988297e+14
   8.6278507e-40   2.4547056e+14
   8.0623707e-40   2.5118830e+14
   7.5339551e-40   2.5703923e+14
   7.0401515e-40   2.6302644e+14
   6.5787179e-40   2.6915311e+14
   6.1475244e-40   2.7542250e+14
   5.7445810e-40   2.8183791e+14
   5.3680521e-40   2.8840276e+14
   5.0162001e-40   2.9512052e+14
   4.6873994e-40   3.0199476e+14
   4.3801507e-40   3.0902912e+14
   4.0930387e-40   3.1622733e+14
   3.8247461e-40   3.2359322e+14
   3.5740257e-40   3.3113067e+14
   3.3397427e-40   3.3884369e+14
   3.1208178e-40   3.4673638e+14
   2.9162422e-40   3.5481290e+14
   2.7250771e-40   3.6307756e+14
   2.5464396e-40   3.7153472e+14
   2.3795029e-40   3.8018888e+14
   2.2235103e-40   3.8904461e+14
   2.0777473e-40   3.9810663e+14
   1.9415411e-40   4.0737972e+14
   1.8142471e-40   4.1686881e+14
   1.6953189e-40   4.2657893e+14
   1.5841679e-40   4.3651523e+14
   1.4803177e-40   4.4668298e+14
   1.3832638e-40   4.5708756e+14
   1.2925717e-40   4.6773450e+14
   1.2078212e-40   4.7862944e+14
   1.1286338e-40   4.8977815e+14
   1.0546453e-40   5.0118654e+14
   9.8549117e-41   5.1286068e+14
   9.2087730e-41   5.2480674e+14
   8.6049535e-41   5.3703106e+14
   8.0407907e-41   5.4954012e+14
   7.5136222e-41   5.6234055e+14
   7.0209257e-41   5.7543914e+14
   6.5605992e-41   5.8884284e+14
   6.1304005e-41   6.0255876e+14
   5.7283680e-41   6.1659415e+14
   5.3528200e-41   6.3095647e+14
   5.0017947e-41   6.4565334e+14
   4.6738909e-41   6.6069254e+14
   4.3672868e-41   6.7608204e+14
   4.0810015e-41   6.9183002e+14
   3.8133535e-41   7.0794481e+14
   3.5633619e-41   7.2443496e+14
   3.3296253e-41   7.4130922e+14
   3.1113030e-41   7.5857653e+14
   2.9072739e-41   7.7624604e+14
   2.7165572e-41   7.9432714e+14
   2.5384522e-41   8.1282939e+14
   2.3719779e-41   8.3176262e+14
   2.2164338e-41   8.5113686e+14
   2.0711191e-41   8.7096238e+14
   1.9351932e-41   8.9124970e+14
   1.8083757e-41   9.1200957e+14
   1.6896857e-41   9.3325301e+14
   1.5788430e-41   9.5499126e+14
   1.4752870e-41   9.7723586e+14
   1.3785974e-41   9.9999861e+14
   1.2882137e-41   1.0232916e+15
   1.2037154e-41   1.0471271e+15
   1.1246821e-41   1.0715178e+15
   1.0509738e-41   1.0964767e+15
   9.8202996e-42   1.1220169e+15
   9.1757023e-42   1.1481520e+15
   8.5745453e-42   1.1748959e+15
   8.0112233e-42   1.2022628e+15
   7.4857364e-42   1.2302671e+15
   6.9952819e-42   1.2589237e+15
   6.5370573e-42   1.2882478e+15
   6.1082600e-42   1.3182549e+15
   5.7074886e-42   1.3489610e+15
   5.3333420e-42   1.3803823e+15
   4.9830173e-42   1.4125356e+15
   4.6565148e-42   1.4454378e+15
   4.3510317e-42   1.4791063e+15
   4.0651668e-42   1.5135591e+15
   3.7989201e-42   1.5488145e+15
   3.5494890e-42   1.5848910e+15
   3.3168735e-42   1.6218078e+15
   3.0982709e-42   1.6595846e+15
   2.8950826e-42   1.6982413e+15
   2.7059073e-42   1.7377984e+15
   2.5279424e-42   1.7782769e+15
   2.3625892e-42   1.8196983e+15
   2.2070451e-42   1.8620845e+15
   2.0627113e-42   1.9054580e+15
   1.9267854e-42   1.9498419e+15
   1.8006685e-42   1.9952595e+15
   1.6829595e-42   2.0417351e+15
   1.5722569e-42   2.0892932e+15
   1.4685608e-42   2.1379591e+15
   1.3732725e-42   2.1877585e+15
   1.2821881e-42   2.2387180e+15
   1.1981102e-42   2.2908644e+15
   1.1196375e-42   2.3442255e+15
   1.0467700e-42   2.3988295e+15
   9.7810633e-43   2.4547055e+15
   9.1364660e-43   2.5118829e+15
   8.5339076e-43   2.5703922e+15
   7.9733883e-43   2.6302643e+15
   7.4549078e-43   2.6915310e+15
   6.9644534e-43   2.7542248e+15
   6.5020249e-43   2.8183789e+15
   6.0816353e-43   2.8840274e+15
   5.6752588e-43   2.9512051e+15
   5.3109212e-43   3.0199474e+15
   4.9605966e-43   3.0902911e+15
   4.6382979e-43   3.1622732e+15
   4.3300123e-43   3.2359320e+15
   4.0497526e-43   3.3113065e+15
   3.7835059e-43   3.3884368e+15
   3.5312721e-43   3.4673636e+15
   3.3070644e-43   3.5481289e+15
   3.0828566e-43   3.6307754e+15
   2.8866748e-43   3.7153470e+15
   2.6904931e-43   3.8018886e+15
   2.5223372e-43   3.8904459e+15
   2.3541814e-43   3.9810661e+15
   2.2000386e-43   4.0737970e+15
   2.0458958e-43   4.1686879e+15
   1.9197789e-43   4.2657891e+15
   1.7936620e-43   4.3651521e+15
   1.6675452e-43   4.4668296e+15
   1.5694543e-43   4.5708754e+15
   1.4573504e-43   4.6773448e+15
   1.3592595e-43   4.7862941e+15
   1.2751816e-43   4.8977812e+15
   1.1911037e-43   5.0118652e+15
   1.1210388e-43   5.1286065e+15
   1.0369609e-43   5.2480671e+15
   9.6689594e-44   5.3703103e+15
   9.1084400e-44   5.4954009e+15
   8.5479206e-44   5.6234052e+15
   7.9874012e-44   5.7543912e+15
   7.4268819e-44   5.8884281e+15
   6.8663625e-44   6.0255872e+15
   6.4459729e-44   6.1659412e+15
   6.0255834e-44   6.3095644e+15
   5.6051939e-44   6.4565330e+15
   5.3249342e-44   6.6069250e+15
   4.9045446e-44   6.7608201e+15
   4.6242849e-44   6.9182998e+15
   4.3440252e-44   7.0794477e+15
   4.0637655e-44   7.2443492e+15
   3.7835059e-44   7.4130918e+15
   3.5032462e-44   7.5857649e+15
   3.2229865e-44   7.7624600e+15
   3.0828566e-44   7.9432709e+15
   2.8025969e-44   8.1282935e+15
   2.6624671e-44   8.3176258e+15
   2.5223372e-44   8.5113681e+15
   2.3822074e-44   8.7096234e+15
   2.2420775e-44   8.9124966e+15
   2.1019477e-44   9.1200953e+15
   1.9618179e-44   9.3325296e+15
   1.8216880e-44   9.5499121e+15
   1.6815582e-44   9.7723581e+15
   1.5414283e-44   9.9999856e+15
   1.4012985e-44   1.0232915e+16
   1.4012985e-44   1.0471270e+16
   1.2611686e-44   1.0715178e+16
   1.1210388e-44   1.0964766e+16
   1.1210388e-44   1.1220168e+16
   9.8090893e-45   1.1481520e+16
   9.8090893e-45   1.1748959e+16
   8.4077908e-45   1.2022627e+16
   8.4077908e-45   1.2302670e+16
   8.4077908e-45   1.2589236e+16
   7.0064923e-45   1.2882477e+16
   7.0064923e-45   1.3182548e+16
   7.0064923e-45   1.3489609e+16
   5.6051939e-45   1.3803823e+16
   5.6051939e-45   1.4125355e+16
   5.6051939e-45   1.4454377e+16
   4.2038954e-45   1.4791062e+16
   4.2038954e-45   1.5135591e+16
   4.2038954e-45   1.5488144e+16
   4.2038954e-45   1.5848909e+16
   4.2038954e-45   1.6218077e+16
   2.8025969e-45   1.6595845e+16
   2.8025969e-45   1.6982412e+16
   2.8025969e-45   1.7377983e+16
   2.8025969e-45   1.7782768e+16
   2.8025969e-45   1.8196982e+16
   2.8025969e-45   1.8620844e+16
   2.8025969e-45   1.9054579e+16
   2.8025969e-45   1.9498418e+16
   1.4012985e-45   1.9952594e+16
   1.4012985e-45   2.0417350e+16
   1.4012985e-45   2.0892931e+16
   1.4012985e-45   2.1379590e+16
   1.4012985e-45   2.1877584e+16
   1.4012985e-45   2.2387179e+16
   1.4012985e-45   2.2908643e+16
   1.4012985e-45   2.3442254e+16
   1.4012985e-45   2.3988294e+16
   1.4012985e-45   2.4547053e+16
   1.4012985e-45   2.5118828e+16
   1.4012985e-45   2.5703920e+16
   1.4012985e-45   2.6302641e+16
   1.4012985e-45   2.6915309e+16
   1.4012985e-45   2.7542247e+16
   1.4012985e-45   2.8183788e+16
       0.0000000   2.8840273e+16
       0.0000000   2.9512049e+16
       0.0000000   3.0199473e+16
       0.0000000   3.0902909e+16
       0.0000000   3.1622730e+16
       0.0000000   3.2359318e+16
       0.0000000   3.3113064e+16
       0.0000000   3.3884366e+16
       0.0000000   3.4673634e+16
       0.0000000   3.5481287e+16
       0.0000000   3.6307752e+16
       0.0000000   3.7153468e+16
       0.0000000   3.8018884e+16
       0.0000000   3.8904457e+16
       0.0000000   3.9810658e+16
       0.0000000   4.0737968e+16
       0.0000000   4.1686877e+16
       0.0000000   4.2657889e+16
       0.0000000   4.3651519e+16
       0.0000000   4.4668293e+16
       0.0000000   4.5708752e+16
       0.0000000   4.6773445e+16
       0.0000000   4.7862939e+16
       0.0000000   4.8977810e+16
       0.0000000   5.0118649e+16
       0.0000000   5.1286063e+16
       0.0000000   5.2480668e+16
       0.0000000   5.3703100e+16
       0.0000000   5.4954006e+16
       0.0000000   5.6234049e+16
       0.0000000   5.7543909e+16
       0.0000000   5.8884278e+16
       0.0000000   6.0255869e+16
       0.0000000   6.1659409e+16
       0.0000000   6.3095641e+16
       0.0000000   6.4565327e+16
       0.0000000   6.6069247e+16
       0.0000000   6.7608197e+16
       0.0000000   6.9182994e+16
       0.0000000   7.0794473e+16
       0.0000000   7.2443488e+16
       0.0000000   7.4130914e+16
       0.0000000   7.5857645e+16
       0.0000000   7.7624596e+16
       0.0000000   7.9432705e+16
       0.0000000   8.1282931e+16
       0.0000000   8.3176253e+16
       0.0000000   8.5113677e+16
       0.0000000   8.7096229e+16
       0.0000000   8.9124961e+16
       0.0000000   9.1200948e+16
       0.0000000   9.3325291e+16
       0.0000000   9.5499116e+16
       0.0000000   9.7723576e+16
       0.0000000   9.9999851e+16
       0.0000000   1.0232915e+17
       0.0000000   1.0471270e+17
       0.0000000   1.0715177e+17
       0.0000000   1.0964766e+17
       0.0000000   1.1220168e+17
       0.0000000   1.1481519e+17
       0.0000000   1.1748958e+17
       0.0000000   1.2022626e+17
       0.0000000   1.2302669e+17
       0.0000000   1.2589235e+17
       0.0000000   1.2882476e+17
       0.0000000   1.3182548e+17
       0.0000000   1.3489609e+17
       0.0000000   1.3803822e+17
       0.0000000   1.4125354e+17
       0.0000000   1.4454376e+17
       0.0000000   1.4791062e+17
       0.0000000   1.5135590e+17
       0.0000000   1.5488143e+17
       0.0000000   1.5848908e+17
       0.0000000   1.6218077e+17
       0.0000000   1.6595844e+17
       0.0000000   1.6982411e+17
       0.0000000   1.7377982e+17
       0.0000000   1.7782767e+17
       0.0000000   1.8196981e+17
       0.0000000   1.8620843e+17
       0.0000000   1.9054578e+17
       0.0000000   1.9498417e+17
       0.0000000   1.9952593e+17
       0.0000000   2.0417349e+17
       0.0000000   2.0892930e+17
       0.0000000   2.1379589e+17
       0.0000000   2.1877583e+17
       0.0000000   2.2387178e+17
       0.0000000   2.2908642e+17
       0.0000000   2.3442253e+17
       0.0000000   2.3988293e+17
       0.0000000   2.4547052e+17
       0.0000000   2.5118826e+17
       0.0000000   2.5703919e+17
       0.0000000   2.6302640e+17
       0.0000000   2.6915307e+17
       0.0000000   2.7542245e+17
       0.0000000   2.8183787e+17
       0.0000000   2.8840271e+17
       0.0000000   2.9512048e+17
       0.0000000   3.0199471e+17
       0.0000000   3.0902907e+17
       0.0000000   3.1622729e+17
       0.0000000   3.2359317e+17
       0.0000000   3.3113062e+17
       0.0000000   3.3884364e+17
       0.0000000   3.4673632e+17
       0.0000000   3.5481285e+17
       0.0000000   3.6307750e+17
       0.0000000   3.7153466e+17
       0.0000000   3.8018882e+17
       0.0000000   3.8904455e+17
       0.0000000   3.9810656e+17
       0.0000000   4.0737966e+17
       0.0000000   4.1686875e+17
       0.0000000   4.2657887e+17
       0.0000000   4.3651517e+17
       0.0000000   4.4668291e+17
       0.0000000   4.5708749e+17
       0.0000000   4.6773443e+17
       0.0000000   4.7862936e+17
       0.0000000   4.8977807e+17
       0.0000000   5.0118647e+17
       0.0000000   5.1286060e+17
       0.0000000   5.2480666e+17
       0.0000000   5.3703097e+17
       0.0000000   5.4954003e+17
       0.0000000   5.6234046e+17
       0.0000000   5.7543906e+17
       0.0000000   5.8884275e+17
       0.0000000   6.0255866e+17
       0.0000000   6.1659406e+17
       0.0000000   6.3095638e+17
       0.0000000   6.4565324e+17
       0.0000000   6.6069243e+17
       0.0000000   6.7608194e+17
       0.0000000   6.9182991e+17
       0.0000000   7.0794470e+17
       0.0000000   7.2443485e+17
       0.0000000   7.4130910e+17
       0.0000000   7.5857641e+17
       0.0000000   7.7624592e+17
       0.0000000   7.9432701e+17
       0.0000000   8.1282926e+17
       0.0000000   8.3176249e+17
       0.0000000   8.5113673e+17
       0.0000000   8.7096225e+17
       0.0000000   8.9124956e+17
       0.0000000   9.1200943e+17
       0.0000000   9.3325286e+17
       0.0000000   9.5499111e+17
       0.0000000   9.7723571e+17
       0.0000000   9.9999846e+17
