    0.0484000
     0.308000
     0.678000
     0.967700
     0.815000
   8.4766098e-06   1.0000000e-12
   8.6673590e-06   1.0232930e-12
   8.8629449e-06   1.0471285e-12
   9.0625799e-06   1.0715193e-12
   9.2668142e-06   1.0964782e-12
   9.4755260e-06   1.1220185e-12
   9.6889253e-06   1.1481536e-12
   9.9072167e-06   1.1748976e-12
   1.0130605e-05   1.2022644e-12
   1.0358954e-05   1.2302688e-12
   1.0592129e-05   1.2589254e-12
   1.0830990e-05   1.2882495e-12
   1.1075058e-05   1.3182567e-12
   1.1324523e-05   1.3489629e-12
   1.1579566e-05   1.3803843e-12
   1.1840700e-05   1.4125375e-12
   1.2107434e-05   1.4454398e-12
   1.2380275e-05   1.4791084e-12
   1.2659058e-05   1.5135612e-12
   1.2944277e-05   1.5488166e-12
   1.3236093e-05   1.5848932e-12
   1.3534332e-05   1.6218101e-12
   1.3839144e-05   1.6595869e-12
   1.4151009e-05   1.6982436e-12
   1.4470068e-05   1.7378008e-12
   1.4795802e-05   1.7782794e-12
   1.5129332e-05   1.8197008e-12
   1.5470130e-05   1.8620871e-12
   1.5818980e-05   1.9054607e-12
   1.6175340e-05   1.9498446e-12
   1.6539658e-05   1.9952623e-12
   1.6912370e-05   2.0417379e-12
   1.7293582e-05   2.0892961e-12
   1.7683064e-05   2.1379621e-12
   1.8081566e-05   2.1877616e-12
   1.8488849e-05   2.2387211e-12
   1.8905650e-05   2.2908676e-12
   1.9331719e-05   2.3442288e-12
   1.9767129e-05   2.3988329e-12
   2.0212598e-05   2.4547089e-12
   2.0667856e-05   2.5118864e-12
   2.1133610e-05   2.5703957e-12
   2.1609905e-05   2.6302679e-12
   2.2096783e-05   2.6915347e-12
   2.2594602e-05   2.7542286e-12
   2.3103712e-05   2.8183829e-12
   2.3624460e-05   2.8840314e-12
   2.4156530e-05   2.9512092e-12
   2.4700903e-05   3.0199516e-12
   2.5257576e-05   3.0902954e-12
   2.5826537e-05   3.1622776e-12
   2.6408419e-05   3.2359365e-12
   2.7003516e-05   3.3113111e-12
   2.7612119e-05   3.3884415e-12
   2.8234186e-05   3.4673684e-12
   2.8870314e-05   3.5481338e-12
   2.9521083e-05   3.6307804e-12
   3.0186107e-05   3.7153522e-12
   3.0866275e-05   3.8018938e-12
   3.1561820e-05   3.8904513e-12
   3.2272968e-05   3.9810716e-12
   3.2999938e-05   4.0738027e-12
   3.3743574e-05   4.1686937e-12
   3.4504072e-05   4.2657950e-12
   3.5281297e-05   4.3651582e-12
   3.6076384e-05   4.4668358e-12
   3.6889178e-05   4.5708817e-12
   3.7720471e-05   4.6773513e-12
   3.8570397e-05   4.7863008e-12
   3.9439412e-05   4.8977880e-12
   4.0328265e-05   5.0118722e-12
   4.1236744e-05   5.1286137e-12
   4.2165899e-05   5.2480744e-12
   4.3116124e-05   5.3703178e-12
   4.4087486e-05   5.4954085e-12
   4.5080993e-05   5.6234130e-12
   4.6096688e-05   5.7543991e-12
   4.7135225e-05   5.8884363e-12
   4.8197569e-05   6.0255956e-12
   4.9283401e-05   6.1659498e-12
   5.0393966e-05   6.3095732e-12
   5.1529238e-05   6.4565420e-12
   5.2690426e-05   6.6069342e-12
   5.3877786e-05   6.7608295e-12
   5.5091554e-05   6.9183094e-12
   5.6332890e-05   7.0794575e-12
   5.7602312e-05   7.2443593e-12
   5.8900321e-05   7.4131021e-12
   6.0227401e-05   7.5857754e-12
   6.1584324e-05   7.7624708e-12
   6.2972154e-05   7.9432820e-12
   6.4391017e-05   8.1283048e-12
   6.5841938e-05   8.3176373e-12
   6.7325302e-05   8.5113800e-12
   6.8842412e-05   8.7096355e-12
   7.0393609e-05   8.9125089e-12
   7.1979841e-05   9.1201079e-12
   7.3601412e-05   9.3325425e-12
   7.5259850e-05   9.5499254e-12
   7.6955708e-05   9.7723717e-12
   7.8689860e-05   9.9999995e-12
   8.0462807e-05   1.0232929e-11
   8.2275685e-05   1.0471285e-11
   8.4129570e-05   1.0715192e-11
   8.6025218e-05   1.0964781e-11
   8.7963679e-05   1.1220184e-11
   8.9945643e-05   1.1481536e-11
   9.1972404e-05   1.1748975e-11
   9.4044619e-05   1.2022644e-11
   9.6163516e-05   1.2302687e-11
   9.8330303e-05   1.2589253e-11
   0.00010054616   1.2882495e-11
   0.00010281160   1.3182567e-11
   0.00010512806   1.3489628e-11
   0.00010749693   1.3803842e-11
   0.00010991894   1.4125375e-11
   0.00011239573   1.4454397e-11
   0.00011492826   1.4791083e-11
   0.00011751780   1.5135612e-11
   0.00012016587   1.5488165e-11
   0.00012287335   1.5848931e-11
   0.00012564196   1.6218100e-11
   0.00012847316   1.6595868e-11
   0.00013136795   1.6982435e-11
   0.00013432773   1.7378007e-11
   0.00013735465   1.7782793e-11
   0.00014044937   1.8197007e-11
   0.00014361400   1.8620870e-11
   0.00014685001   1.9054606e-11
   0.00015015881   1.9498445e-11
   0.00015354238   1.9952622e-11
   0.00015700205   2.0417378e-11
   0.00016053942   2.0892960e-11
   0.00016415690   2.1379619e-11
   0.00016785569   2.1877615e-11
   0.00017163782   2.2387210e-11
   0.00017550527   2.2908675e-11
   0.00017945966   2.3442287e-11
   0.00018350319   2.3988327e-11
   0.00018763797   2.4547087e-11
   0.00019186607   2.5118863e-11
   0.00019618917   2.5703956e-11
   0.00020060984   2.6302678e-11
   0.00020512995   2.6915346e-11
   0.00020975193   2.7542285e-11
   0.00021447813   2.8183827e-11
   0.00021931085   2.8840313e-11
   0.00022425230   2.9512090e-11
   0.00022930525   3.0199515e-11
   0.00023447207   3.0902952e-11
   0.00023975510   3.1622774e-11
   0.00024515745   3.2359363e-11
   0.00025068127   3.3113110e-11
   0.00025632960   3.3884413e-11
   0.00026210531   3.4673682e-11
   0.00026801121   3.5481336e-11
   0.00027405008   3.6307803e-11
   0.00028022515   3.7153520e-11
   0.00028653903   3.8018937e-11
   0.00029299565   3.8904511e-11
   0.00029959742   3.9810714e-11
   0.00030634785   4.0738024e-11
   0.00031325061   4.1686935e-11
   0.00032030902   4.2657948e-11
   0.00032752627   4.3651580e-11
   0.00033490610   4.4668355e-11
   0.00034245235   4.5708815e-11
   0.00035016853   4.6773510e-11
   0.00035805863   4.7863005e-11
   0.00036612619   4.8977878e-11
   0.00037437587   5.0118719e-11
   0.00038281159   5.1286134e-11
   0.00039143715   5.2480741e-11
   0.00040025715   5.3703175e-11
   0.00040927573   5.4954082e-11
   0.00041849754   5.6234127e-11
   0.00042792736   5.7543989e-11
   0.00043756951   5.8884360e-11
   0.00044742887   6.0255953e-11
   0.00045751038   6.1659495e-11
   0.00046781919   6.3095729e-11
   0.00047836025   6.4565417e-11
   0.00048913865   6.6069339e-11
   0.00050016004   6.7608291e-11
   0.00051142980   6.9183091e-11
   0.00052295346   7.0794572e-11
   0.00053473667   7.2443589e-11
   0.00054678554   7.4131017e-11
   0.00055910571   7.5857750e-11
   0.00057170377   7.7624704e-11
   0.00058458536   7.9432816e-11
   0.00059775729   8.1283044e-11
   0.00061122625   8.3176369e-11
   0.00062499847   8.5113795e-11
   0.00063908100   8.7096350e-11
   0.00065348117   8.9125085e-11
   0.00066820538   9.1201075e-11
   0.00068326143   9.3325421e-11
   0.00069865683   9.5499249e-11
   0.00071439910   9.7723712e-11
   0.00073049613   9.9999990e-11
   0.00074695575   1.0232929e-10
   0.00076378655   1.0471284e-10
   0.00078099634   1.0715192e-10
   0.00079859386   1.0964781e-10
   0.00081658788   1.1220183e-10
   0.00083498756   1.1481535e-10
   0.00085380167   1.1748974e-10
   0.00087303971   1.2022643e-10
   0.00089271110   1.2302686e-10
   0.00091282593   1.2589253e-10
   0.00093339395   1.2882494e-10
   0.00095442520   1.3182566e-10
   0.00097593066   1.3489627e-10
   0.00099792052   1.3803841e-10
    0.0010204058   1.4125374e-10
    0.0010433978   1.4454396e-10
    0.0010669080   1.4791082e-10
    0.0010909477   1.5135611e-10
    0.0011155292   1.5488164e-10
    0.0011406644   1.5848930e-10
    0.0011663663   1.6218099e-10
    0.0011926471   1.6595867e-10
    0.0012195201   1.6982435e-10
    0.0012469987   1.7378006e-10
    0.0012750961   1.7782792e-10
    0.0013038268   1.8197006e-10
    0.0013332051   1.8620869e-10
    0.0013632453   1.9054605e-10
    0.0013939620   1.9498444e-10
    0.0014253712   1.9952621e-10
    0.0014574879   2.0417377e-10
    0.0014903283   2.0892959e-10
    0.0015239086   2.1379618e-10
    0.0015582456   2.1877614e-10
    0.0015933566   2.2387209e-10
    0.0016292583   2.2908674e-10
    0.0016659691   2.3442285e-10
    0.0017035070   2.3988326e-10
    0.0017418910   2.4547086e-10
    0.0017811394   2.5118861e-10
    0.0018212725   2.5703955e-10
    0.0018623099   2.6302677e-10
    0.0019042720   2.6915345e-10
    0.0019471793   2.7542284e-10
    0.0019910536   2.8183826e-10
    0.0020359166   2.8840311e-10
    0.0020817900   2.9512089e-10
    0.0021286977   3.0199513e-10
    0.0021766617   3.0902950e-10
    0.0022257068   3.1622773e-10
    0.0022758569   3.2359362e-10
    0.0023271369   3.3113108e-10
    0.0023795725   3.3884411e-10
    0.0024331894   3.4673681e-10
    0.0024880148   3.5481334e-10
    0.0025440753   3.6307801e-10
    0.0026013989   3.7153518e-10
    0.0026600142   3.8018935e-10
    0.0027199504   3.8904509e-10
    0.0027812368   3.9810712e-10
    0.0028439041   4.0738022e-10
    0.0029079835   4.1686933e-10
    0.0029735069   4.2657946e-10
    0.0030405065   4.3651577e-10
    0.0031090160   4.4668353e-10
    0.0031790689   4.5708813e-10
    0.0032507004   4.6773508e-10
    0.0033239459   4.7863003e-10
    0.0033988419   4.8977875e-10
    0.0034754253   5.0118716e-10
    0.0035537342   5.1286131e-10
    0.0036338079   5.2480739e-10
    0.0037156856   5.3703172e-10
    0.0037994082   5.4954080e-10
    0.0038850172   5.6234125e-10
    0.0039725550   5.7543986e-10
    0.0040620659   5.8884357e-10
    0.0041535930   6.0255950e-10
    0.0042471830   6.1659491e-10
    0.0043428810   6.3095725e-10
    0.0044407360   6.4565414e-10
    0.0045407955   6.6069335e-10
    0.0046431096   6.7608288e-10
    0.0047477293   6.9183087e-10
    0.0048547061   7.0794568e-10
    0.0049640937   7.2443585e-10
    0.0050759455   7.4131013e-10
    0.0051903175   7.5857746e-10
    0.0053072674   7.7624700e-10
    0.0054268516   7.9432812e-10
    0.0055491305   8.1283039e-10
    0.0056741647   8.3176365e-10
    0.0058020162   8.5113791e-10
    0.0059327483   8.7096346e-10
    0.0060664266   8.9125080e-10
    0.0062031164   9.1201070e-10
    0.0063428865   9.3325416e-10
    0.0064858058   9.5499244e-10
    0.0066319453   9.7723707e-10
    0.0067813778   9.9999985e-10
    0.0069341771   1.0232928e-09
    0.0070904195   1.0471284e-09
    0.0072501823   1.0715191e-09
    0.0074135452   1.0964780e-09
    0.0075805890   1.1220183e-09
    0.0077513964   1.1481534e-09
    0.0079260524   1.1748974e-09
    0.0081046438   1.2022642e-09
    0.0082872594   1.2302686e-09
    0.0084739896   1.2589252e-09
    0.0086649274   1.2882493e-09
    0.0088601671   1.3182565e-09
    0.0090598064   1.3489627e-09
    0.0092639439   1.3803840e-09
    0.0094726812   1.4125373e-09
    0.0096861217   1.4454395e-09
    0.0099043716   1.4791081e-09
     0.010127539   1.5135610e-09
     0.010355735   1.5488164e-09
     0.010589072   1.5848929e-09
     0.010827668   1.6218098e-09
     0.011071639   1.6595866e-09
     0.011321108   1.6982434e-09
     0.011576197   1.7378005e-09
     0.011837034   1.7782791e-09
     0.012103749   1.8197006e-09
     0.012376474   1.8620868e-09
     0.012655343   1.9054604e-09
     0.012940496   1.9498443e-09
     0.013232074   1.9952620e-09
     0.013530222   2.0417376e-09
     0.013835087   2.0892958e-09
     0.014146823   2.1379617e-09
     0.014465583   2.1877612e-09
     0.014791524   2.2387208e-09
     0.015124810   2.2908673e-09
     0.015465605   2.3442284e-09
     0.015814079   2.3988325e-09
     0.016170407   2.4547085e-09
     0.016534761   2.5118860e-09
     0.016907325   2.5703953e-09
     0.017288284   2.6302675e-09
     0.017677829   2.6915343e-09
     0.018076150   2.7542282e-09
     0.018483445   2.8183824e-09
     0.018899918   2.8840310e-09
     0.019325774   2.9512087e-09
     0.019761227   3.0199512e-09
     0.020206492   3.0902949e-09
     0.020661788   3.1622771e-09
     0.021127345   3.2359360e-09
     0.021603391   3.3113106e-09
     0.022090163   3.3884409e-09
     0.022587903   3.4673679e-09
     0.023096858   3.5481332e-09
     0.023617283   3.6307799e-09
     0.024149431   3.7153516e-09
     0.024693571   3.8018933e-09
     0.025249973   3.8904507e-09
     0.025818910   3.9810710e-09
     0.026400667   4.0738020e-09
     0.026995532   4.1686931e-09
     0.027603801   4.2657944e-09
     0.028225776   4.3651575e-09
     0.028861767   4.4668351e-09
     0.029512085   4.5708810e-09
     0.030177059   4.6773505e-09
     0.030857014   4.7863000e-09
     0.031552292   4.8977873e-09
     0.032263234   5.0118714e-09
     0.032990195   5.1286129e-09
     0.033733539   5.2480736e-09
     0.034493629   5.3703169e-09
     0.035270847   5.4954077e-09
     0.036065578   5.6234122e-09
     0.036878213   5.7543983e-09
     0.037709162   5.8884354e-09
     0.038558833   6.0255947e-09
     0.039427649   6.1659488e-09
     0.040316042   6.3095722e-09
     0.041224450   6.4565410e-09
     0.042153329   6.6069332e-09
     0.043103136   6.7608284e-09
     0.044074345   6.9183083e-09
     0.045067437   7.0794564e-09
     0.046082906   7.2443582e-09
     0.047121257   7.4131009e-09
     0.048183002   7.5857742e-09
     0.049268674   7.7624696e-09
     0.050378807   7.9432808e-09
     0.051513951   8.1283035e-09
     0.052674673   8.3176360e-09
     0.053861551   8.5113787e-09
     0.055075172   8.7096341e-09
     0.056316137   8.9125076e-09
     0.057585064   9.1201065e-09
     0.058882583   9.3325411e-09
     0.060209338   9.5499239e-09
     0.061565988   9.7723702e-09
     0.062953204   9.9999979e-09
     0.064371683   1.0232928e-08
     0.065822117   1.0471283e-08
     0.067305237   1.0715191e-08
     0.068821773   1.0964780e-08
     0.070372477   1.1220182e-08
     0.071958125   1.1481534e-08
     0.073579498   1.1748973e-08
     0.075237408   1.2022642e-08
     0.076932676   1.2302685e-08
     0.078666136   1.2589251e-08
     0.080438659   1.2882493e-08
     0.082251117   1.3182565e-08
     0.084104419   1.3489626e-08
     0.085999474   1.3803840e-08
     0.087937236   1.4125372e-08
     0.089918658   1.4454395e-08
     0.091944724   1.4791081e-08
     0.094016440   1.5135609e-08
     0.096134834   1.5488163e-08
     0.098300964   1.5848928e-08
      0.10051590   1.6218097e-08
      0.10278075   1.6595865e-08
      0.10509662   1.6982433e-08
      0.10746469   1.7378004e-08
      0.10988610   1.7782790e-08
      0.11236208   1.8197005e-08
      0.11489385   1.8620867e-08
      0.11748265   1.9054603e-08
      0.12012980   1.9498442e-08
      0.12283659   1.9952619e-08
      0.12560436   2.0417375e-08
      0.12843451   2.0892957e-08
      0.13132842   2.1379616e-08
      0.13428755   2.1877611e-08
      0.13731334   2.2387206e-08
      0.14040731   2.2908671e-08
      0.14357100   2.3442283e-08
      0.14680597   2.3988324e-08
      0.15011384   2.4547084e-08
      0.15349622   2.5118859e-08
      0.15695484   2.5703952e-08
      0.16049138   2.6302674e-08
      0.16410759   2.6915342e-08
      0.16780530   2.7542281e-08
      0.17158632   2.8183823e-08
      0.17545255   2.8840308e-08
      0.17940587   2.9512085e-08
      0.18344828   3.0199510e-08
      0.18758178   3.0902947e-08
      0.19180840   3.1622769e-08
      0.19613028   3.2359358e-08
      0.20054951   3.3113104e-08
      0.20506835   3.3884408e-08
      0.20968898   3.4673677e-08
      0.21441373   3.5481331e-08
      0.21924496   3.6307797e-08
      0.22418502   3.7153514e-08
      0.22923641   3.8018931e-08
      0.23440160   3.8904505e-08
      0.23968318   3.9810708e-08
      0.24508378   4.0738018e-08
      0.25060606   4.1686928e-08
      0.25625277   4.2657942e-08
      0.26202670   4.3651573e-08
      0.26793072   4.4668349e-08
      0.27396780   4.5708808e-08
      0.28014088   4.6773503e-08
      0.28645307   4.7862998e-08
      0.29290751   4.8977870e-08
      0.29950735   5.0118711e-08
      0.30625591   5.1286126e-08
      0.31315652   5.2480733e-08
      0.32021263   5.3703167e-08
      0.32742772   5.4954074e-08
      0.33480537   5.6234119e-08
      0.34234926   5.7543980e-08
      0.35006315   5.8884351e-08
      0.35795084   6.0255944e-08
      0.36601624   6.1659485e-08
      0.37426341   6.3095719e-08
      0.38269636   6.4565407e-08
      0.39131936   6.6069328e-08
      0.40013665   6.7608281e-08
      0.40915260   6.9183080e-08
      0.41837168   7.0794561e-08
      0.42779851   7.2443578e-08
      0.43743774   7.4131006e-08
      0.44729418   7.5857738e-08
      0.45737270   7.7624692e-08
      0.46767828   7.9432803e-08
      0.47821611   8.1283031e-08
      0.48899135   8.3176356e-08
      0.50000936   8.5113782e-08
      0.51127571   8.7096337e-08
      0.52279586   8.9125071e-08
      0.53457558   9.1201061e-08
      0.54662073   9.3325406e-08
      0.55893725   9.5499234e-08
      0.57153136   9.7723697e-08
      0.58440918   9.9999974e-08
      0.59757715   1.0232927e-07
      0.61104190   1.0471283e-07
      0.62480998   1.0715190e-07
      0.63888830   1.0964779e-07
      0.65328383   1.1220182e-07
      0.66800374   1.1481533e-07
      0.68305528   1.1748972e-07
      0.69844604   1.2022641e-07
      0.71418351   1.2302684e-07
      0.73027563   1.2589251e-07
      0.74673027   1.2882492e-07
      0.76355571   1.3182564e-07
      0.78076029   1.3489625e-07
      0.79835248   1.3803839e-07
      0.81634110   1.4125372e-07
      0.83473498   1.4454394e-07
      0.85354334   1.4791080e-07
      0.87277555   1.5135608e-07
      0.89244103   1.5488162e-07
      0.91254961   1.5848928e-07
      0.93311131   1.6218097e-07
      0.95413631   1.6595865e-07
      0.97563505   1.6982432e-07
      0.99761820   1.7378004e-07
       1.0200967   1.7782789e-07
       1.0430816   1.8197004e-07
       1.0665845   1.8620866e-07
       1.0906168   1.9054602e-07
       1.1151907   1.9498441e-07
       1.1403184   1.9952618e-07
       1.1660122   2.0417374e-07
       1.1922849   2.0892956e-07
       1.2191496   2.1379615e-07
       1.2466196   2.1877610e-07
       1.2747086   2.2387205e-07
       1.3034304   2.2908670e-07
       1.3327994   2.3442282e-07
       1.3628303   2.3988323e-07
       1.3935376   2.4547082e-07
       1.4249370   2.5118857e-07
       1.4570439   2.5703951e-07
       1.4898741   2.6302673e-07
       1.5234441   2.6915341e-07
       1.5577704   2.7542279e-07
       1.5928702   2.8183821e-07
       1.6287609   2.8840307e-07
       1.6654602   2.9512084e-07
       1.7029865   3.0199509e-07
       1.7413584   3.0902946e-07
       1.7805947   3.1622768e-07
       1.8207152   3.2359357e-07
       1.8617396   3.3113103e-07
       1.9036885   3.3884406e-07
       1.9465826   3.4673675e-07
       1.9904430   3.5481329e-07
       2.0352917   3.6307795e-07
       2.0811510   3.7153512e-07
       2.1280437   3.8018929e-07
       2.1759927   3.8904503e-07
       2.2250223   3.9810706e-07
       2.2751565   4.0738016e-07
       2.3264203   4.1686926e-07
       2.3788393   4.2657940e-07
       2.4324393   4.3651571e-07
       2.4872470   4.4668346e-07
       2.5432897   4.5708806e-07
       2.6005950   4.6773500e-07
       2.6591916   4.7862995e-07
       2.7191086   4.8977868e-07
       2.7803755   5.0118709e-07
       2.8430228   5.1286123e-07
       2.9070816   5.2480731e-07
       2.9725838   5.3703164e-07
       3.0395620   5.4954071e-07
       3.1080492   5.6234116e-07
       3.1780796   5.7543977e-07
       3.2496879   5.8884348e-07
       3.3229096   6.0255941e-07
       3.3977811   6.1659482e-07
       3.4743397   6.3095716e-07
       3.5526233   6.4565404e-07
       3.6326704   6.6069325e-07
       3.7145214   6.7608277e-07
       3.7982166   6.9183076e-07
       3.8837976   7.0794557e-07
       3.9713068   7.2443574e-07
       4.0607877   7.4131002e-07
       4.1522846   7.5857735e-07
       4.2458434   7.7624688e-07
       4.3415103   7.9432799e-07
       4.4393325   8.1283027e-07
       4.5393586   8.3176352e-07
       4.6416383   8.5113778e-07
       4.7462230   8.7096332e-07
       4.8531637   8.9125067e-07
       4.9625144   9.1201056e-07
       5.0743284   9.3325401e-07
       5.1886621   9.5499229e-07
       5.3055716   9.7723692e-07
       5.4251156   9.9999969e-07
       5.5473528   1.0232927e-06
       5.6723442   1.0471282e-06
       5.8001513   1.0715190e-06
       5.9308386   1.0964779e-06
       6.0644708   1.1220181e-06
       6.2011132   1.1481533e-06
       6.3408346   1.1748972e-06
       6.4837041   1.2022641e-06
       6.6297922   1.2302684e-06
       6.7791724   1.2589250e-06
       6.9319177   1.2882491e-06
       7.0881047   1.3182563e-06
       7.2478113   1.3489625e-06
       7.4111156   1.3803838e-06
       7.5780993   1.4125371e-06
       7.7488456   1.4454393e-06
       7.9234385   1.4791079e-06
       8.1019659   1.5135608e-06
       8.2845144   1.5488161e-06
       8.4711771   1.5848927e-06
       8.6620445   1.6218096e-06
       8.8572130   1.6595864e-06
       9.0567789   1.6982431e-06
       9.2608404   1.7378003e-06
       9.4694996   1.7782788e-06
       9.6828604   1.8197003e-06
       9.9010277   1.8620865e-06
       10.124111   1.9054601e-06
       10.352221   1.9498440e-06
       10.585469   1.9952617e-06
       10.823973   2.0417373e-06
       11.067850   2.0892955e-06
       11.317222   2.1379614e-06
       11.572212   2.1877609e-06
       11.832947   2.2387204e-06
       12.099557   2.2908669e-06
       12.372173   2.3442280e-06
       12.650931   2.3988321e-06
       12.935970   2.4547081e-06
       13.227430   2.5118856e-06
       13.525457   2.5703949e-06
       13.830199   2.6302671e-06
       14.141807   2.6915339e-06
       14.460434   2.7542278e-06
       14.786240   2.8183820e-06
       15.119387   2.8840305e-06
       15.460038   2.9512082e-06
       15.808365   3.0199507e-06
       16.164539   3.0902944e-06
       16.528738   3.1622766e-06
       16.901140   3.2359355e-06
       17.281935   3.3113101e-06
       17.671307   3.3884404e-06
       18.069450   3.4673673e-06
       18.476564   3.5481327e-06
       18.892851   3.6307793e-06
       19.318516   3.7153510e-06
       19.753769   3.8018927e-06
       20.198828   3.8904501e-06
       20.653913   3.9810704e-06
       21.119253   4.0738014e-06
       21.595074   4.1686924e-06
       22.081615   4.2657937e-06
       22.579117   4.3651568e-06
       23.087826   4.4668344e-06
       23.607994   4.5708803e-06
       24.139883   4.6773498e-06
       24.683752   4.7862993e-06
       25.239874   4.8977865e-06
       25.808523   5.0118706e-06
       26.389984   5.1286121e-06
       26.984543   5.2480728e-06
       27.592495   5.3703161e-06
       28.214142   5.4954068e-06
       28.849792   5.6234113e-06
       29.499763   5.7543974e-06
       30.164375   5.8884345e-06
       30.843958   6.0255938e-06
       31.538851   6.1659479e-06
       32.249393   6.3095712e-06
       32.975945   6.4565400e-06
       33.718861   6.6069322e-06
       34.478516   6.7608274e-06
       35.255276   6.9183073e-06
       36.049538   7.0794553e-06
       36.861687   7.2443570e-06
       37.692131   7.4130998e-06
       38.541283   7.5857731e-06
       39.409561   7.7624684e-06
       40.297394   7.9432795e-06
       41.205227   8.1283023e-06
       42.133511   8.3176347e-06
       43.082699   8.5113773e-06
       44.053268   8.7096328e-06
       45.045696   8.9125062e-06
       46.060478   9.1201051e-06
       47.098118   9.3325397e-06
       48.159126   9.5499224e-06
       49.244034   9.7723687e-06
       50.353374   9.9999964e-06
       51.487701   1.0232926e-05
       52.647575   1.0471282e-05
       53.833572   1.0715189e-05
       55.046276   1.0964778e-05
       56.286297   1.1220180e-05
       57.554241   1.1481532e-05
       58.850742   1.1748971e-05
       60.176441   1.2022640e-05
       61.531994   1.2302683e-05
       62.918076   1.2589250e-05
       64.335373   1.2882491e-05
       65.784584   1.3182563e-05
       67.266426   1.3489624e-05
       68.781647   1.3803838e-05
       70.330978   1.4125370e-05
       71.915207   1.4454392e-05
       73.535103   1.4791078e-05
       75.191483   1.5135607e-05
       76.885147   1.5488160e-05
       78.616959   1.5848926e-05
       80.387764   1.6218095e-05
       82.198433   1.6595863e-05
       84.049881   1.6982430e-05
       85.943008   1.7378002e-05
       87.878761   1.7782787e-05
       89.858093   1.8197002e-05
       91.881989   1.8620864e-05
       93.951454   1.9054600e-05
       96.067513   1.9498439e-05
       98.231201   1.9952616e-05
       100.44360   2.0417372e-05
       102.70581   2.0892953e-05
       105.01895   2.1379613e-05
       107.38416   2.1877608e-05
       109.80260   2.2387203e-05
       112.27549   2.2908668e-05
       114.80404   2.3442279e-05
       117.38950   2.3988320e-05
       120.03316   2.4547080e-05
       122.73632   2.5118855e-05
       125.50033   2.5703948e-05
       128.32654   2.6302670e-05
       131.21635   2.6915338e-05
       134.17120   2.7542276e-05
       137.19257   2.8183819e-05
       140.28191   2.8840304e-05
       143.44078   2.9512081e-05
       146.67073   3.0199506e-05
       149.97336   3.0902942e-05
       153.35031   3.1622764e-05
       156.80324   3.2359353e-05
       160.33386   3.3113099e-05
       163.94391   3.3884402e-05
       167.63519   3.4673672e-05
       171.40952   3.5481325e-05
       175.26874   3.6307791e-05
       179.21480   3.7153508e-05
       183.24960   3.8018925e-05
       187.37518   3.8904499e-05
       191.59357   3.9810701e-05
       195.90681   4.0738012e-05
       200.31708   4.1686922e-05
       204.82654   4.2657935e-05
       209.43741   4.3651566e-05
       214.15198   4.4668342e-05
       218.97255   4.5708801e-05
       223.90154   4.6773496e-05
       228.94135   4.7862990e-05
       234.09447   4.8977863e-05
       239.36345   5.0118704e-05
       244.75089   5.1286118e-05
       250.25945   5.2480725e-05
       255.89183   5.3703158e-05
       261.65082   5.4954065e-05
       267.53925   5.6234110e-05
       273.56003   5.7543971e-05
       279.71613   5.8884342e-05
       286.01056   6.0255934e-05
       292.44644   6.1659475e-05
       299.02692   6.3095709e-05
       305.75528   6.4565397e-05
       312.63480   6.6069318e-05
       319.66885   6.7608270e-05
       326.86093   6.9183069e-05
       334.21457   7.0794550e-05
       341.73337   7.2443567e-05
       349.42102   7.4130994e-05
       357.28131   7.5857727e-05
       365.31812   7.7624680e-05
       373.53537   7.9432791e-05
       381.93713   8.1283019e-05
       390.52747   8.3176343e-05
       399.31067   8.5113769e-05
       408.29102   8.7096323e-05
       417.47290   8.9125057e-05
       426.86084   9.1201047e-05
       436.45944   9.3325392e-05
       446.27338   9.5499219e-05
       456.30753   9.7723682e-05
       466.56674   9.9999959e-05
       477.05606   0.00010232926
       487.78061   0.00010471281
       498.74570   0.00010715189
       509.95660   0.00010964777
       521.41888   0.00011220180
       533.13812   0.00011481531
       545.12000   0.00011748971
       557.37036   0.00012022639
       569.89532   0.00012302683
       582.70081   0.00012589249
       595.79321   0.00012882490
       609.17889   0.00013182562
       622.86432   0.00013489623
       636.85620   0.00013803837
       651.16132   0.00014125370
       665.78662   0.00014454392
       680.73932   0.00014791078
       696.02661   0.00015135606
       711.65594   0.00015488160
       727.63489   0.00015848925
       744.00012   0.00016218094
       760.75891   0.00016595862
       777.87042   0.00016982429
       795.35211   0.00017378001
       813.26837   0.00017782787
       831.55951   0.00018197001
       850.26160   0.00018620863
       869.36279   0.00019054599
       888.91644   0.00019498438
       908.88983   0.00019952615
       929.35480   0.00020417371
       950.26752   0.00020892952
       971.60132   0.00021379612
       993.44257   0.00021877607
       1015.7819   0.00022387202
       1038.6149   0.00022908667
       1061.9174   0.00023442278
       1085.8097   0.00023988319
       1110.1663   0.00024547079
       1135.1259   0.00025118853
       1160.6179   0.00025703947
       1186.6777   0.00026302669
       1213.3550   0.00026915336
       1240.5668   0.00027542275
       1268.3983   0.00028183817
       1296.8722   0.00028840302
       1325.9154   0.00029512079
       1355.6935   0.00030199504
       1386.0830   0.00030902941
       1417.1876   0.00031622763
       1448.9315   0.00032359352
       1481.4078   0.00033113098
       1514.6321   0.00033884401
       1548.5521   0.00034673670
       1583.2296   0.00035481323
       1618.6553   0.00036307789
       1654.8867   0.00037153507
       1691.9672   0.00038018923
       1729.7449   0.00038904497
       1768.4314   0.00039810699
       1808.0245   0.00040738010
       1848.4031   0.00041686920
       1889.6724   0.00042657933
       1931.9161   0.00043651564
       1974.9932   0.00044668339
       2019.1398   0.00045708799
       2064.0891   0.00046773493
       2110.1726   0.00047862988
       2157.1567   0.00048977860
       2205.2542   0.00050118701
       2254.3164   0.00051286115
       2304.4797   0.00052480722
       2355.7710   0.00053703156
       2408.0896   0.00054954063
       2461.6389   0.00056234107
       2516.2991   0.00057543968
       2572.1272   0.00058884339
       2629.2083   0.00060255931
       2687.4277   0.00061659472
       2747.0037   0.00063095706
       2807.7488   0.00064565394
       2869.8152   0.00066069315
       2933.2820   0.00067608267
       2998.0552   0.00069183066
       3064.2402   0.00070794546
       3131.8765   0.00072443563
       3200.7993   0.00074130990
       3271.3235   0.00075857723
       3343.2061   0.00077624676
       3416.7146   0.00079432787
       3491.7395   0.00081283014
       3568.3491   0.00083176339
       3646.5220   0.00085113765
       3726.3774   0.00087096319
       3807.8538   0.00089125053
       3891.0183   0.00091201042
       3975.9170   0.00093325387
       4062.5803   0.00095499214
       4150.9790   0.00097723677
       4241.1821   0.00099999954
       4333.1987    0.0010232925
       4427.3193    0.0010471281
       4523.1313    0.0010715188
       4620.9922    0.0010964777
       4720.7183    0.0011220179
       4822.6113    0.0011481531
       4926.3311    0.0011748970
       5032.3936    0.0012022639
       5140.2705    0.0012302682
       5250.2183    0.0012589248
       5362.6084    0.0012882489
       5477.2905    0.0013182561
       5593.8037    0.0013489622
       5712.8374    0.0013803836
       5834.2407    0.0014125369
       5957.8838    0.0014454391
       6083.6201    0.0014791077
       6212.1538    0.0015135605
       6342.8267    0.0015488159
       6476.0142    0.0015848924
       6611.6738    0.0016218093
       6749.8271    0.0016595861
       6890.6284    0.0016982428
       7033.8149    0.0017378000
       7180.0439    0.0017782786
       7328.5210    0.0018197000
       7479.7559    0.0018620862
       7633.4292    0.0019054598
       7790.0596    0.0019498437
       7949.2573    0.0019952614
       8111.5435    0.0020417370
       8276.4346    0.0020892951
       8443.7275    0.0021379611
       8614.4619    0.0021877606
       8787.6064    0.0022387201
       8963.6963    0.0022908665
       9142.4814    0.0023442277
       9324.4102    0.0023988318
       9509.0342    0.0024547077
       9696.8818    0.0025118852
       9887.1719    0.0025703945
       10080.894    0.0026302667
       10277.130    0.0026915335
       10476.621    0.0027542274
       10678.958    0.0028183816
       10883.903    0.0028840301
       11091.605    0.0029512078
       11302.810    0.0030199502
       11516.146    0.0030902939
       11732.872    0.0031622761
       11952.183    0.0032359350
       12174.439    0.0033113096
       12400.086    0.0033884399
       12627.472    0.0034673668
       12858.706    0.0035481321
       13091.819    0.0036307788
       13327.832    0.0037153505
       13565.986    0.0038018921
       13807.805    0.0038904495
       14052.014    0.0039810697
       14297.802    0.0040738008
       14546.277    0.0041686918
       14797.572    0.0042657931
       15050.502    0.0043651562
       15305.844    0.0044668337
       15563.766    0.0045708796
       15823.029    0.0046773491
       16083.942    0.0047862985
       16347.018    0.0048977858
       16612.205    0.0050118698
       16878.973    0.0051286113
       17146.270    0.0052480720
       17415.740    0.0053703153
       17686.271    0.0054954060
       17957.744    0.0056234104
       18230.777    0.0057543965
       18503.588    0.0058884336
       18777.400    0.0060255928
       19051.389    0.0061659469
       19325.518    0.0063095703
       19600.377    0.0064565390
       19874.402    0.0066069311
       20148.559    0.0067608263
       20421.633    0.0069183062
       20693.426    0.0070794543
       20965.127    0.0072443559
       21235.379    0.0074130986
       21503.922    0.0075857719
       21770.404    0.0077624672
       22035.748    0.0079432783
       22297.650    0.0081283010
       22557.855    0.0083176335
       22814.080    0.0085113760
       23067.053    0.0087096314
       23317.455    0.0089125048
       23562.965    0.0091201037
       23803.641    0.0093325382
       24040.105    0.0095499210
       24271.377    0.0097723672
       24497.500    0.0099999949
       24718.156     0.010232925
       24931.936     0.010471280
       25139.287     0.010715188
       25340.465     0.010964776
       25534.352     0.011220179
       25720.658     0.011481530
       25898.318     0.011748969
       26068.305     0.012022638
       26228.135     0.012302681
       26379.287     0.012589248
       26519.291     0.012882489
       26646.992     0.013182561
       26764.010     0.013489622
       26867.725     0.013803835
       26958.076     0.014125368
       27035.111     0.014454390
       27099.779     0.014791076
       27150.326     0.015135605
       27189.996     0.015488158
       27216.609     0.015848924
       27231.744     0.016218092
       27235.646     0.016595860
       27228.301     0.016982428
       27210.367     0.017377999
       27180.719     0.017782785
       27136.992     0.018196999
       27078.850     0.018620862
       27002.404     0.019054597
       26908.139     0.019498436
       26794.557     0.019952613
       26658.557     0.020417369
       26500.377     0.020892950
       26318.457     0.021379610
       26114.994     0.021877605
       25890.930     0.022387199
       25646.668     0.022908664
       25384.273     0.023442276
       25104.275     0.023988316
       24808.496     0.024547076
       24499.656     0.025118851
       24176.330     0.025703944
       23841.199     0.026302666
       23496.098     0.026915334
       23142.371     0.027542272
       22781.826     0.028183814
       22415.426     0.028840300
       22044.820     0.029512076
       21670.467     0.030199501
       21294.082     0.030902938
       20917.947     0.031622760
       20540.465     0.032359348
       20160.391     0.033113094
       19777.906     0.033884397
       19393.469     0.034673666
       19004.803     0.035481320
       18613.285     0.036307786
       18216.807     0.037153503
       17816.104     0.038018919
       17413.104     0.038904493
       17009.863     0.039810695
       16611.951     0.040738006
       16222.454     0.041686916
       15844.483     0.042657929
       15482.032     0.043651559
       15135.893     0.044668335
       14810.493     0.045708794
       14506.717     0.046773488
       14224.288     0.047862983
       13961.884     0.048977855
       13715.114     0.050118696
       13482.979     0.051286110
       13261.414     0.052480717
       13050.040     0.053703150
       12846.706     0.054954057
       12649.745     0.056234101
       12455.709     0.057543962
       12264.316     0.058884333
       12072.017     0.060255925
       11878.299     0.061659466
       11680.255     0.063095699
       11476.951     0.064565387
       11266.320     0.066069308
       11046.264     0.067608260
       10815.826     0.069183058
       10574.737     0.070794539
       10321.924     0.072443556
       10056.725     0.074130983
       9778.7676     0.075857715
       9488.5293     0.077624668
       9185.8535     0.079432779
       8871.0293     0.081283006
       8544.9248     0.083176330
       8208.0908     0.085113756
       7865.4668     0.087096310
       7525.3345     0.089125044
       7194.8237     0.091201032
       6880.4858     0.093325377
       6586.6821     0.095499205
       6317.5195     0.097723667
       6076.3174     0.099999943
       5866.5781      0.10232924
       5688.9775      0.10471280
       5538.8726      0.10715187
       5408.2930      0.10964776
       5290.3818      0.11220178
       5178.5059      0.11481530
       5067.2417      0.11748969
       4951.6064      0.12022637
       4826.2559      0.12302681
       4686.4209      0.12589247
       4531.8340      0.12882488
       4366.0713      0.13182560
       4194.1436      0.13489621
       4020.8110      0.13803835
       3849.8511      0.14125367
       3684.4399      0.14454389
       3527.6699      0.14791075
       3381.6558      0.15135604
       3248.1482      0.15488157
       3127.1147      0.15848923
       3015.9761      0.16218092
       2911.7808      0.16595859
       2812.9497      0.16982427
       2716.8342      0.17377998
       2622.3796      0.17782784
       2528.0715      0.18196998
       2432.5857      0.18620861
       2334.8384      0.19054596
       2236.0964      0.19498435
       2137.7329      0.19952612
       2041.1023      0.20417368
       1947.2261      0.20892949
       1857.4664      0.21379608
       1772.0524      0.21877603
       1692.1520      0.22387198
       1617.9935      0.22908663
       1549.5140      0.23442274
       1486.1835      0.23988315
       1426.8682      0.24547075
       1371.1368      0.25118850
       1318.1545      0.25703943
       1267.2593      0.26302664
       1218.0951      0.26915332
       1170.0767      0.27542271
       1122.9445      0.28183813
       1076.4567      0.28840298
       1030.8894      0.29512075
       986.42120      0.30199499
       943.09680      0.30902936
       901.16602      0.31622758
       860.61658      0.32359347
       821.62537      0.33113093
       784.14685      0.33884396
       748.31824      0.34673664
       714.08014      0.35481318
       681.30151      0.36307784
       650.01453      0.37153501
       620.06586      0.38018917
       591.47131      0.38904491
       564.14691      0.39810693
       538.04492      0.40738003
       513.09369      0.41686913
       489.26831      0.42657926
       466.48920      0.43651557
       444.72736      0.44668332
       423.92099      0.45708792
       404.04523      0.46773486
       385.01654      0.47862980
       366.84735      0.48977852
       349.47733      0.50118693
       332.82437      0.51286107
       316.92596      0.52480714
       301.71527      0.53703147
       287.18976      0.54954054
       273.30676      0.56234099
       260.06125      0.57543959
       247.41403      0.58884330
       235.34666      0.60255922
       223.84123      0.61659463
       212.86415      0.63095696
       202.40312      0.64565384
       192.42845      0.66069305
       182.93265      0.67608256
       173.87671      0.69183055
       165.24396      0.70794535
       157.02058      0.72443552
       149.18507      0.74130979
       141.72021      0.75857711
       134.62241      0.77624664
       127.84544      0.79432775
       121.40699      0.81283002
       115.27047      0.83176326
       109.42528      0.85113752
       103.86876      0.87096305
       98.586990      0.89125039
       93.561310      0.91201028
       88.780777      0.93325373
       84.231148      0.95499200
       79.905579      0.97723662
       75.795448      0.99999938
       71.890160       1.0232924
       68.177414       1.0471279
       64.646614       1.0715186
       61.299137       1.0964775
       58.111641       1.1220178
       55.081085       1.1481529
       52.211376       1.1748968
       49.481625       1.2022637
       46.897434       1.2302680
       44.436729       1.2589246
       42.098495       1.2882487
       39.880016       1.3182559
       37.778755       1.3489620
       35.780586       1.3803834
       33.887238       1.4125367
       32.087116       1.4454389
       30.386057       1.4791075
       28.766893       1.5135603
       27.233473       1.5488156
       25.779028       1.5848922
       24.401588       1.6218091
       23.093946       1.6595859
       21.857826       1.6982426
       20.681925       1.7377997
       19.568422       1.7782783
       18.513039       1.8196997
       17.513588       1.8620860
       16.567039       1.9054595
       15.670515       1.9498434
       14.820066       1.9952611
       14.016076       2.0417367
       13.253942       2.0892948
       12.531195       2.1379607
       11.847002       2.1877602
       11.200267       2.2387197
       10.588338       2.2908662
       10.008848       2.3442273
       9.4598875       2.3988314
       8.9404621       2.4547074
       8.4486580       2.5118848
       7.9834471       2.5703941
       7.5434861       2.6302663
       7.1275082       2.6915331
       6.7337518       2.7542269
       6.3607821       2.8183811
       6.0084853       2.8840297
       5.6753693       2.9512073
       5.3600335       3.0199498
       5.0622072       3.0902934
       4.7803845       3.1622756
       4.5139518       3.2359345
       4.2619858       3.3113091
       4.0239100       3.3884394
       3.7991154       3.4673663
       3.5862563       3.5481316
       3.3856084       3.6307782
       3.1954460       3.7153499
       3.0159509       3.8018915
       2.8462176       3.8904489
       2.6861033       3.9810691
       2.5348251       4.0738001
       2.3918622       4.1686911
       2.2568972       4.2657924
       2.1292696       4.3651555
       2.0087776       4.4668330
       1.8949591       4.5708789
       1.7875671       4.6773484
       1.6861461       4.7862978
       1.5904366       4.8977850
       1.5000268       5.0118691
       1.4145571       5.1286105
       1.3340642       5.2480712
       1.2579683       5.3703144
       1.1862191       5.4954051
       1.1184101       5.6234096
       1.0545542       5.7543956
      0.99416858       5.8884327
      0.93720633       6.0255919
      0.88349515       6.1659460
      0.83281296       6.3095693
      0.78499711       6.4565380
      0.73989749       6.6069301
      0.69733942       6.7608253
      0.65718532       6.9183051
      0.61929709       7.0794532
      0.58358175       7.2443548
      0.54992181       7.4130975
      0.51816761       7.5857707
      0.48823848       7.7624660
      0.45997617       7.9432771
      0.43334237       8.1282998
      0.40822530       8.3176322
      0.38455465       8.5113747
      0.36224794       8.7096301
      0.34122348       8.9125034
      0.32139769       9.1201023
      0.30269074       9.3325368
      0.28507069       9.5499195
      0.26846829       9.7723657
      0.25282496       9.9999933
      0.23805057       10.232923
      0.22418408       10.471278
      0.21111020       10.715186
      0.19875333       10.964775
      0.18711504       11.220177
      0.17616023       11.481528
      0.16583735       11.748968
      0.15612857       12.022636
      0.14698701       12.302679
      0.13834673       12.589246
      0.13022222       12.882487
      0.12255759       13.182558
      0.11535064       13.489620
      0.10857216       13.803833
      0.10217764       14.125366
     0.096161723       14.454388
     0.090494327       14.791074
     0.085149772       15.135602
     0.080123581       15.488156
     0.075387932       15.848921
     0.070931196       16.218090
     0.066741072       16.595858
     0.062795505       16.982425
     0.059073482       17.377996
     0.055571724       17.782782
     0.052279621       18.196996
     0.049177621       18.620859
     0.046257000       19.054594
     0.043512847       19.498433
     0.040927295       19.952609
     0.038490545       20.417365
     0.036201734       20.892947
     0.034049116       21.379606
     0.032022864       21.877601
     0.030112112       22.387196
     0.028317090       22.908661
     0.026627535       23.442272
     0.025037257       23.988313
     0.023542965       24.547072
     0.022136735       25.118847
     0.020814570       25.703940
     0.019568671       26.302662
     0.018397518       26.915329
     0.017295871       27.542268
     0.016259445       28.183810
     0.015284706       28.840295
     0.014367954       29.512072
     0.013506194       30.199496
     0.012694906       30.902933
     0.011932682       31.622755
     0.011215511       32.359343
     0.010540406       33.113089
    0.0099060172       33.884392
    0.0093099065       34.673661
    0.0087494971       35.481314
    0.0082225483       36.307780
    0.0077262078       37.153497
    0.0072604353       38.018913
    0.0068224268       38.904487
    0.0064103012       39.810689
    0.0060232347       40.737999
    0.0056592952       41.686909
    0.0053169234       42.657922
    0.0049948609       43.651553
    0.0046925042       44.668328
    0.0044084233       45.708787
    0.0041412674       46.773481
    0.0038903146       47.862976
    0.0036542574       48.977847
    0.0034324338       50.118688
    0.0032239491       51.286102
    0.0030280079       52.480709
    0.0028438941       53.703142
    0.0026710080       54.954049
    0.0025085574       56.234093
    0.0023561288       57.543953
    0.0022128792       58.884324
    0.0020782875       60.255916
    0.0019518335       61.659456
    0.0018330287       63.095690
    0.0017214133       64.565377
    0.0016165553       66.069298
    0.0015180479       67.608249
    0.0014255092       69.183048
    0.0013385798       70.794528
    0.0012569219       72.443544
    0.0011802177       74.130971
    0.0011081686       75.857703
    0.0010404938       77.624656
   0.00097692956       79.432767
   0.00091722747       81.282993
   0.00086115440       83.176318
   0.00080849108       85.113743
   0.00075903139       87.096297
   0.00071258156       89.125030
   0.00066895952       91.201018
   0.00062799407       93.325363
   0.00058952445       95.499190
   0.00055339944       97.723652
   0.00051947689       99.999928
   0.00048762333       102.32923
   0.00045771329       104.71278
   0.00042962880       107.15185
   0.00040325907       109.64774
   0.00037850000       112.20176
   0.00035525369       114.81528
   0.00033342827       117.48967
   0.00031293728       120.22636
   0.00029369965       123.02679
   0.00027563906       125.89245
   0.00025868390       128.82486
   0.00024276682       131.82558
   0.00022782465       134.89619
   0.00021379795       138.03833
   0.00020063091       141.25365
   0.00018827112       144.54387
   0.00017666935       147.91073
   0.00016577930       151.35601
   0.00015555757       154.88155
   0.00014596333       158.48920
   0.00013695825       162.18089
   0.00012850630       165.95857
   0.00012057371       169.82424
   0.00011312869       173.77996
   0.00010614142       177.82781
   9.9583893e-05       181.96995
   9.3429793e-05       186.20858
   8.7654422e-05       190.54593
   8.2234576e-05       194.98432
   7.7148470e-05       199.52608
   7.2375646e-05       204.17364
   6.7896901e-05       208.92946
   6.3694184e-05       213.79605
   5.9750571e-05       218.77600
   5.6050154e-05       223.87195
   5.2577998e-05       229.08660
   4.9320090e-05       234.42271
   4.6263260e-05       239.88311
   4.3395157e-05       245.47071
   4.0704177e-05       251.18846
   3.8179427e-05       257.03939
   3.5810681e-05       263.02660
   3.3588341e-05       269.15328
   3.1503398e-05       275.42267
   2.9547391e-05       281.83808
   2.7712376e-05       288.40294
   2.5990905e-05       295.12070
   2.4375975e-05       301.99495
   2.2861022e-05       309.02931
   2.1439882e-05       316.22753
   2.0106769e-05       323.59342
   1.8856248e-05       331.13087
   1.7683227e-05       338.84390
   1.6582919e-05       346.73659
   1.5550835e-05       354.81312
   1.4582760e-05       363.07778
   1.3674741e-05       371.53495
   1.2823066e-05       380.18911
   1.2024252e-05       389.04485
   1.1275030e-05       398.10687
   1.0572333e-05       407.37997
   9.9132831e-06       416.86907
   9.2951786e-06       426.57920
   8.7154849e-06       436.51550
   8.1718235e-06       446.68326
   7.6619635e-06       457.08784
   7.1838112e-06       467.73479
   6.7354008e-06       478.62973
   6.3148896e-06       489.77845
   5.9205472e-06       501.18685
   5.5507517e-06       512.86100
   5.2039795e-06       524.80706
   4.8788029e-06       537.03139
   4.5738811e-06       549.54046
   4.2879574e-06       562.34090
   4.0198520e-06       575.43950
   3.7684576e-06       588.84321
   3.5327369e-06       602.55913
   3.3117155e-06       616.59453
   3.1044801e-06       630.95686
   2.9101734e-06       645.65374
   2.7279916e-06       660.69294
   2.5571808e-06       676.08246
   2.3970331e-06       691.83044
   2.2468853e-06       707.94524
   2.1061151e-06       724.43541
   1.9741383e-06       741.30967
   1.8504077e-06       758.57699
   1.7344096e-06       776.24652
   1.6256621e-06       794.32763
   1.5237136e-06       812.82989
   1.4281404e-06       831.76313
   1.3385448e-06       851.13738
   1.2545544e-06       870.96292
   1.1758193e-06       891.25025
   1.1020119e-06       912.01014
   1.0328246e-06       933.25358
   9.6796907e-07       954.99185
   9.0717492e-07       977.23647
   8.5018860e-07       999.99923
   7.9677227e-07       1023.2922
   7.4670299e-07       1047.1277
   6.9977165e-07       1071.5185
   6.5578212e-07       1096.4773
   6.1455057e-07       1122.0176
   5.7590455e-07       1148.1527
   5.3968239e-07       1174.8966
   5.0573249e-07       1202.2635
   4.7391276e-07       1230.2678
   4.4408986e-07       1258.9244
   4.1613887e-07       1288.2485
   3.8994261e-07       1318.2557
   3.6539123e-07       1348.9618
   3.4238172e-07       1380.3832
   3.2081752e-07       1412.5364
   3.0060809e-07       1445.4386
   2.8166852e-07       1479.1072
   2.6391930e-07       1513.5601
   2.4728575e-07       1548.8154
   2.3169797e-07       1584.8920
   2.1709036e-07       1621.8088
   2.0340146e-07       1659.5856
   1.9057364e-07       1698.2423
   1.7855288e-07       1737.7995
   1.6728853e-07       1778.2780
   1.5673312e-07       1819.6994
   1.4684215e-07       1862.0857
   1.3757389e-07       1905.4592
   1.2888925e-07       1949.8431
   1.2075155e-07       1995.2607
   1.1312646e-07       2041.7363
   1.0598175e-07       2089.2945
   9.9287242e-08       2137.9604
   9.3014627e-08       2187.7599
   8.7137394e-08       2238.7194
   8.1630674e-08       2290.8658
   7.6471174e-08       2344.2270
   7.1637047e-08       2398.8310
   6.7107827e-08       2454.7070
   6.2864324e-08       2511.8844
   5.8888560e-08       2570.3937
   5.5163685e-08       2630.2659
   5.1673904e-08       2691.5327
   4.8404409e-08       2754.2265
   4.5341334e-08       2818.3807
   4.2471672e-08       2884.0292
   3.9783242e-08       2951.2069
   3.7264620e-08       3019.9493
   3.4905110e-08       3090.2930
   3.2694683e-08       3162.2751
   3.0623937e-08       3235.9340
   2.8684068e-08       3311.3086
   2.6866823e-08       3388.4389
   2.5164468e-08       3467.3657
   2.3569754e-08       3548.1311
   2.2075891e-08       3630.7776
   2.0676516e-08       3715.3493
   1.9365666e-08       3801.8909
   1.8137751e-08       3890.4483
   1.6987537e-08       3981.0685
   1.5910116e-08       4073.7995
   1.4900893e-08       4168.6905
   1.3955559e-08       4265.7918
   1.3070080e-08       4365.1548
   1.2240673e-08       4466.8323
   1.1463795e-08       4570.8782
   1.0736127e-08       4677.3476
   1.0054557e-08       4786.2971
   9.4161718e-09       4897.7842
   8.8182404e-09       5011.8683
   8.2582048e-09       5128.6097
   7.7336679e-09       5248.0704
   7.2423840e-09       5370.3136
   6.7822503e-09       5495.4043
   6.3512950e-09       5623.4087
   5.9476717e-09       5754.3947
   5.5696505e-09       5888.4318
   5.2156106e-09       6025.5910
   4.8840336e-09       6165.9450
   4.5734971e-09       6309.5683
   4.2826689e-09       6456.5370
   4.0103005e-09       6606.9291
   3.7552224e-09       6760.8242
   3.5163392e-09       6918.3041
   3.2926248e-09       7079.4521
   3.0831175e-09       7244.3537
   2.8869174e-09       7413.0964
   2.7031801e-09       7585.7696
   2.5311162e-09       7762.4648
   2.3699851e-09       7943.2758
   2.2190936e-09       8128.2985
   2.0777919e-09       8317.6309
   1.9454720e-09       8511.3734
   1.8215639e-09       8709.6288
   1.7055339e-09       8912.5021
   1.5968821e-09       9120.1009
   1.4951400e-09       9332.5353
   1.3998691e-09       9549.9180
   1.3106585e-09       9772.3642
   1.2271234e-09       9999.9918
   1.1489035e-09       10232.921
   1.0756611e-09       10471.277
   1.0070801e-09       10715.184
   9.4286423e-10       10964.773
   8.8273633e-10       11220.175
   8.2643647e-10       11481.527
   7.7372142e-10       11748.966
   7.2436335e-10       12022.634
   6.7814881e-10       12302.678
   6.3487798e-10       12589.244
   5.9436361e-10       12882.485
   5.5643051e-10       13182.556
   5.2091442e-10       13489.618
   4.8766169e-10       13803.831
   4.5652823e-10       14125.364
   4.2737924e-10       14454.386
   4.0008843e-10       14791.072
   3.7453760e-10       15135.600
   3.5061593e-10       15488.153
   3.2821973e-10       15848.919
   3.0725192e-10       16218.087
   2.8762151e-10       16595.855
   2.6924338e-10       16982.422
   2.5203772e-10       17377.994
   2.3592989e-10       17782.779
   2.2084995e-10       18196.993
   2.0673241e-10       18620.856
   1.9351594e-10       19054.591
   1.8114313e-10       19498.430
   1.6956021e-10       19952.606
   1.5871683e-10       20417.362
   1.4856585e-10       20892.944
   1.3906314e-10       21379.603
   1.3016735e-10       21877.598
   1.2183976e-10       22387.193
   1.1404417e-10       22908.657
   1.0674663e-10       23442.268
   9.9915368e-11       23988.309
   9.3520636e-11       24547.068
   8.7534591e-11       25118.843
   8.1931142e-11       25703.936
   7.6685880e-11       26302.658
   7.1775939e-11       26915.325
   6.7179921e-11       27542.264
   6.2877779e-11       28183.805
   5.8850758e-11       28840.291
   5.5081283e-11       29512.067
   5.1552908e-11       30199.492
   4.8250241e-11       30902.928
   4.5158856e-11       31622.750
   4.2265264e-11       32359.338
   3.9556823e-11       33113.084
   3.7021709e-11       33884.387
   3.4648839e-11       34673.656
   3.2427852e-11       35481.309
   3.0349032e-11       36307.775
   2.8403301e-11       37153.491
   2.6582143e-11       38018.907
   2.4877598e-11       38904.481
   2.3282208e-11       39810.683
   2.1788992e-11       40737.993
   2.0391418e-11       41686.903
   1.9083369e-11       42657.915
   1.7859113e-11       43651.546
   1.6713296e-11       44668.321
   1.5640897e-11       45708.780
   1.4637217e-11       46773.474
   1.3697861e-11       47862.968
   1.2818710e-11       48977.840
   1.1995911e-11       50118.680
   1.1225858e-11       51286.094
   1.0505173e-11       52480.701
   9.8306970e-12       53703.133
   9.1994693e-12       54954.040
   8.6087214e-12       56234.084
   8.0558615e-12       57543.944
   7.5384612e-12       58884.315
   7.0542504e-12       60255.907
   6.6011025e-12       61659.447
   6.1770276e-12       63095.680
   5.7801628e-12       64565.367
   5.4087646e-12       66069.288
   5.0612006e-12       67608.239
   4.7359434e-12       69183.037
   4.4315636e-12       70794.517
   4.1467220e-12       72443.533
   3.8801670e-12       74130.960
   3.6307255e-12       75857.692
   3.3973005e-12       77624.644
   3.1788645e-12       79432.754
   2.9744566e-12       81282.981
   2.7831769e-12       83176.305
   2.6041831e-12       85113.730
   2.4366876e-12       87096.283
   2.2799521e-12       89125.016
   2.1332866e-12       91201.004
   1.9960446e-12       93325.349
   1.8676217e-12       95499.175
   1.7474518e-12       97723.637
   1.6350051e-12       99999.913
   1.5297857e-12       102329.21
   1.4313300e-12       104712.76
   1.3392035e-12       107151.84
   1.2529999e-12       109647.72
   1.1723388e-12       112201.75
   1.0968644e-12       114815.26
   1.0262433e-12       117489.65
   9.6016413e-13       120226.34
   8.9833501e-13       123026.77
   8.4048279e-13       125892.43
   7.8635210e-13       128824.84
   7.3570376e-13       131825.56
   6.8831404e-13       134896.17
   6.4397348e-13       138038.30
   6.0248621e-13       141253.63
   5.6366874e-13       144543.85
   5.2734949e-13       147910.71
   4.9336788e-13       151355.99
   4.6157365e-13       154881.52
   4.3182610e-13       158489.18
   4.0399365e-13       162180.87
   3.7795315e-13       165958.54
   3.5358936e-13       169824.21
   3.3079447e-13       173779.93
   3.0946751e-13       177827.78
   2.8951410e-13       181969.92
   2.7084585e-13       186208.55
   2.5338008e-13       190545.90
   2.3703942e-13       194984.29
   2.2175148e-13       199526.05
   2.0744852e-13       204173.61
   1.9406713e-13       208929.43
   1.8154801e-13       213796.02
   1.6983566e-13       218775.97
   1.5887815e-13       223871.91
   1.4862685e-13       229086.56
   1.3903634e-13       234422.67
   1.3006404e-13       239883.08
   1.2167014e-13       245470.67
   1.1381742e-13       251188.42
   1.0647101e-13       257039.35
   9.9598301e-14       263026.56
   9.3168779e-14       269153.24
   8.7153897e-14       275422.62
   8.1526942e-14       281838.04
   7.6262923e-14       288402.89
   7.1338450e-14       295120.66
   6.6731648e-14       301994.90
   6.2422046e-14       309029.27
   5.8390494e-14       316227.48
   5.4619063e-14       323593.37
   5.1090991e-14       331130.82
   4.7790592e-14       338843.85
   4.4703184e-14       346736.54
   4.1815042e-14       354813.07
   3.9113312e-14       363077.73
   3.6585979e-14       371534.89
   3.4221795e-14       380189.05
   3.2010239e-14       389044.79
   2.9941466e-14       398106.81
   2.8006269e-14       407379.91
   2.6196030e-14       416869.01
   2.4502690e-14       426579.13
   2.2918706e-14       436515.44
   2.1437023e-14       446683.19
   2.0051042e-14       457087.77
   1.8754585e-14       467734.72
   1.7541878e-14       478629.66
   1.6407513e-14       489778.37
   1.5346436e-14       501186.78
   1.4353915e-14       512860.92
   1.3425527e-14       524806.98
   1.2557131e-14       537031.31
   1.1744854e-14       549540.37
   1.0985072e-14       562340.81
   1.0274397e-14       575439.41
   9.6096565e-15       588843.12
   8.9878861e-15       602559.03
   8.4063090e-15       616594.44
   7.8623309e-15       630956.77
   7.3535225e-15       645653.64
   6.8776123e-15       660692.84
   6.4324754e-15       676082.35
   6.0161231e-15       691830.34
   5.6266963e-15       707945.13
   5.2624552e-15       724435.29
   4.9217722e-15       741309.56
   4.6031256e-15       758576.88
   4.3050907e-15       776246.40
   4.0263360e-15       794327.50
   3.7656146e-15       812829.77
   3.5217618e-15       831763.00
   3.2936868e-15       851137.25
   3.0803696e-15       870962.79
   2.8808560e-15       891250.11
   2.6942540e-15       912010.00
   2.5197284e-15       933253.44
   2.3564986e-15       954991.70
   2.2038340e-15       977236.32
   2.0610514e-15       999999.07
   1.9275116e-15       1023292.0
   1.8026170e-15       1047127.6
   1.6858082e-15       1071518.3
   1.5765623e-15       1096477.2
   1.4743900e-15       1122017.4
   1.3788337e-15       1148152.6
   1.2894655e-15       1174896.5
   1.2058847e-15       1202263.3
   1.1277171e-15       1230267.6
   1.0546123e-15       1258924.2
   9.8624281e-16       1288248.4
   9.2230199e-16       1318255.5
   8.6250321e-16       1348961.6
   8.0657849e-16       1380383.0
   7.5427702e-16       1412536.2
   7.0536420e-16       1445438.4
   6.5962077e-16       1479107.0
   6.1684142e-16       1513559.8
   5.7683431e-16       1548815.2
   5.3941991e-16       1584891.7
   5.0443035e-16       1621808.6
   4.7170862e-16       1659585.4
   4.4110784e-16       1698242.1
   4.1249065e-16       1737799.2
   3.8572853e-16       1778277.7
   3.6070141e-16       1819699.1
   3.3729683e-16       1862085.4
   3.1540971e-16       1905458.9
   2.9494174e-16       1949842.8
   2.7580100e-16       1995260.4
   2.5790144e-16       2041736.0
   2.4116272e-16       2089294.2
   2.2550955e-16       2137960.1
   2.1087161e-16       2187759.6
   1.9718309e-16       2238719.0
   1.8438249e-16       2290865.5
   1.7241223e-16       2344226.6
   1.6121852e-16       2398830.6
   1.5075099e-16       2454706.6
   1.4096259e-16       2511884.1
   1.3180929e-16       2570393.3
   1.2324990e-16       2630265.5
   1.1524593e-16       2691532.3
   1.0776135e-16       2754226.1
   1.0076250e-16       2818380.3
   9.4217877e-17       2884028.8
   8.8098017e-17       2951206.4
   8.2375377e-17       3019948.8
   7.7024193e-17       3090292.5
   7.2020379e-17       3162274.6
   6.7341396e-17       3235933.5
   6.2966173e-17       3311308.1
   5.8875004e-17       3388438.3
   5.5049465e-17       3467365.2
   5.1472323e-17       3548130.5
   4.8127456e-17       3630777.1
   4.4999797e-17       3715348.7
   4.2075250e-17       3801890.3
   3.9340634e-17       3890447.7
   3.6783627e-17       3981067.9
   3.4392697e-17       4073798.9
   3.2157067e-17       4168689.8
   3.0066659e-17       4265791.1
   2.8112044e-17       4365154.1
   2.6284408e-17       4466831.6
   2.4575510e-17       4570877.5
   2.2977638e-17       4677346.9
   2.1483586e-17       4786296.3
   2.0086614e-17       4897783.5
   1.8780418e-17       5011867.5
   1.7559102e-17       5128608.9
   1.6417155e-17       5248069.5
   1.5349423e-17       5370312.8
   1.4351087e-17       5495403.4
   1.3417640e-17       5623407.8
   1.2544865e-17       5754393.8
   1.1728823e-17       5888430.9
   1.0965829e-17       6025590.0
   1.0252437e-17       6165944.1
   9.5854235e-18       6309567.3
   8.9617765e-18       6456536.0
   8.3786779e-18       6606928.1
   7.8334930e-18       6760823.2
   7.3237595e-18       6918303.0
   6.8471724e-18       7079451.0
   6.4015781e-18       7244352.6
   5.9849628e-18       7413095.2
   5.5954430e-18       7585768.4
   5.2312581e-18       7762463.6
   4.8907604e-18       7943274.6
   4.5724112e-18       8128297.3
   4.2747706e-18       8317629.6
   3.9964921e-18       8511372.1
   3.7363173e-18       8709627.4
   3.4930692e-18       8912500.7
   3.2656472e-18       9120099.5
   3.0530223e-18       9332533.9
   2.8542326e-18       9549916.5
   2.6683782e-18       9772362.7
   2.4946181e-18       9999990.2
   2.3321656e-18       10232920.
   2.1802858e-18       10471275.
   2.0382905e-18       10715183.
   1.9055371e-18       10964771.
   1.7814244e-18       11220174.
   1.6653905e-18       11481525.
   1.5569098e-18       11748964.
   1.4554910e-18       12022633.
   1.3606745e-18       12302676.
   1.2720309e-18       12589242.
   1.1891586e-18       12882483.
   1.1116820e-18       13182554.
   1.0392502e-18       13489616.
   9.7153469e-19       13803829.
   9.0822870e-19       14125362.
   8.4904527e-19       14454383.
   7.9371609e-19       14791069.
   7.4199032e-19       15135598.
   6.9363339e-19       15488151.
   6.4842611e-19       15848916.
   6.0616338e-19       16218085.
   5.6665356e-19       16595853.
   5.2971747e-19       16982420.
   4.9518754e-19       17377991.
   4.6290712e-19       17782776.
   4.3272971e-19       18196991.
   4.0451846e-19       18620853.
   3.7814531e-19       19054588.
   3.5349057e-19       19498427.
   3.3044234e-19       19952603.
   3.0889602e-19       20417359.
   2.8875379e-19       20892941.
   2.6992421e-19       21379600.
   2.5232178e-19       21877594.
   2.3586657e-19       22387189.
   2.2048385e-19       22908654.
   2.0610381e-19       23442265.
   1.9266108e-19       23988305.
   1.8009463e-19       24547065.
   1.6834736e-19       25118839.
   1.5736589e-19       25703932.
   1.4710036e-19       26302654.
   1.3750409e-19       26915321.
   1.2853349e-19       27542259.
   1.2014779e-19       28183801.
   1.1230887e-19       28840286.
   1.0498111e-19       29512063.
   9.8131189e-20       30199487.
   9.1727958e-20       30902923.
   8.5742324e-20       31622745.
   8.0147055e-20       32359333.
   7.4916708e-20       33113079.
   7.0027502e-20       33884382.
   6.5457193e-20       34673650.
   6.1185005e-20       35481303.
   5.7191487e-20       36307769.
   5.3458483e-20       37153485.
   4.9969005e-20       38018901.
   4.6707177e-20       38904475.
   4.3658153e-20       39810677.
   4.0808060e-20       40737987.
   3.8143925e-20       41686896.
   3.5653620e-20       42657909.
   3.3325814e-20       43651539.
   3.1149903e-20       44668314.
   2.9115989e-20       45708773.
   2.7214804e-20       46773467.
   2.5437694e-20       47862961.
   2.3776565e-20       48977832.
   2.2223855e-20       50118673.
   2.0772488e-20       51286086.
   1.9415853e-20       52480693.
   1.8147774e-20       53703125.
   1.6962469e-20       54954032.
   1.5854542e-20       56234075.
   1.4818941e-20       57543935.
   1.3850949e-20       58884306.
   1.2946154e-20       60255897.
   1.2100433e-20       61659437.
   1.1309931e-20       63095670.
   1.0571043e-20       64565357.
   9.8804034e-21       66069277.
   9.2348608e-21       67608229.
   8.6314738e-21       69183026.
   8.0674909e-21       70794506.
   7.5403394e-21       72443522.
   7.0476152e-21       74130948.
   6.5870723e-21       75857680.
   6.1566088e-21       77624632.
   5.7542617e-21       79432742.
   5.3781951e-21       81282968.
   5.0266938e-21       83176292.
   4.6981540e-21       85113717.
   4.3910762e-21       87096270.
   4.1040590e-21       89125002.
   3.8357932e-21       91200990.
   3.5850541e-21       93325334.
   3.3506968e-21       95499160.
   3.1316521e-21       97723622.
   2.9269196e-21       99999897.
   2.7355650e-21   1.0232919e+08
   2.5567145e-21   1.0471275e+08
   2.3895515e-21   1.0715182e+08
   2.2333123e-21   1.0964771e+08
   2.0872838e-21   1.1220173e+08
   1.9507988e-21   1.1481524e+08
   1.8232341e-21   1.1748963e+08
   1.7040068e-21   1.2022632e+08
   1.5925723e-21   1.2302675e+08
   1.4884215e-21   1.2589241e+08
   1.3910788e-21   1.2882482e+08
   1.3000991e-21   1.3182554e+08
   1.2150668e-21   1.3489615e+08
   1.1355934e-21   1.3803828e+08
   1.0613154e-21   1.4125361e+08
   9.9189366e-22   1.4454383e+08
   9.2701057e-22   1.4791069e+08
   8.6636971e-22   1.5135597e+08
   8.0969380e-22   1.5488150e+08
   7.5672375e-22   1.5848915e+08
   7.0721731e-22   1.6218084e+08
   6.6094816e-22   1.6595852e+08
   6.1770465e-22   1.6982419e+08
   5.7728912e-22   1.7377990e+08
   5.3951664e-22   1.7782776e+08
   5.0421450e-22   1.8196990e+08
   4.7122118e-22   1.8620852e+08
   4.4038578e-22   1.9054587e+08
   4.1156719e-22   1.9498426e+08
   3.8463361e-22   1.9952602e+08
   3.5946178e-22   2.0417358e+08
   3.3593650e-22   2.0892939e+08
   3.1395016e-22   2.1379599e+08
   2.9340211e-22   2.1877593e+08
   2.7419831e-22   2.2387188e+08
   2.5625085e-22   2.2908653e+08
   2.3947760e-22   2.3442264e+08
   2.2380176e-22   2.3988304e+08
   2.0915155e-22   2.4547063e+08
   1.9545993e-22   2.5118838e+08
   1.8266419e-22   2.5703931e+08
   1.7070573e-22   2.6302652e+08
   1.5952980e-22   2.6915320e+08
   1.4908522e-22   2.7542258e+08
   1.3932414e-22   2.8183800e+08
   1.3020187e-22   2.8840285e+08
   1.2167661e-22   2.9512061e+08
   1.1370930e-22   3.0199485e+08
   1.0626346e-22   3.0902922e+08
   9.9304966e-23   3.1622743e+08
   9.2801931e-23   3.2359332e+08
   8.6724566e-23   3.3113077e+08
   8.1045007e-23   3.3884380e+08
   7.5737242e-23   3.4673648e+08
   7.0776935e-23   3.5481301e+08
   6.6141355e-23   3.6307767e+08
   6.1809246e-23   3.7153484e+08
   5.7760762e-23   3.8018899e+08
   5.3977328e-23   3.8904473e+08
   5.0441612e-23   3.9810675e+08
   4.7137396e-23   4.0737985e+08
   4.4049532e-23   4.1686894e+08
   4.1163860e-23   4.2657907e+08
   3.8467142e-23   4.3651537e+08
   3.5947016e-23   4.4668312e+08
   3.3591922e-23   4.5708770e+08
   3.1391057e-23   4.6773464e+08
   2.9334326e-23   4.7862958e+08
   2.7412292e-23   4.8977830e+08
   2.5616139e-23   5.0118670e+08
   2.3937626e-23   5.1286084e+08
   2.2369052e-23   5.2480690e+08
   2.0903219e-23   5.3703122e+08
   1.9533401e-23   5.4954029e+08
   1.8253310e-23   5.6234072e+08
   1.7057074e-23   5.7543932e+08
   1.5939200e-23   5.8884303e+08
   1.4894555e-23   6.0255894e+08
   1.3918349e-23   6.1659434e+08
   1.3006097e-23   6.3095667e+08
   1.2153612e-23   6.4565354e+08
   1.1356980e-23   6.6069274e+08
   1.0612543e-23   6.7608225e+08
   9.9168825e-24   6.9183023e+08
   9.2668043e-24   7.0794502e+08
   8.6593222e-24   7.2443518e+08
   8.0916476e-24   7.4130945e+08
   7.5611718e-24   7.5857676e+08
   7.0654595e-24   7.7624628e+08
   6.6022325e-24   7.9432738e+08
   6.1693632e-24   8.1282964e+08
   5.7648630e-24   8.3176288e+08
   5.3868732e-24   8.5113712e+08
   5.0336575e-24   8.7096265e+08
   4.7035926e-24   8.9124998e+08
   4.3951618e-24   9.1200986e+08
   4.1069475e-24   9.3325329e+08
   3.8376257e-24   9.5499155e+08
   3.5859578e-24   9.7723617e+08
   3.3507873e-24   9.9999892e+08
   3.1310335e-24   1.0232919e+09
   2.9256859e-24   1.0471274e+09
   2.7338006e-24   1.0715181e+09
   2.5544953e-24   1.0964770e+09
   2.3869458e-24   1.1220172e+09
   2.2303813e-24   1.1481524e+09
   2.0840822e-24   1.1748963e+09
   1.9473755e-24   1.2022631e+09
   1.8196327e-24   1.2302674e+09
   1.7002662e-24   1.2589240e+09
   1.5887270e-24   1.2882482e+09
   1.4845019e-24   1.3182553e+09
   1.3871117e-24   1.3489614e+09
   1.2961082e-24   1.3803828e+09
   1.2110728e-24   1.4125360e+09
   1.1316142e-24   1.4454382e+09
   1.0573669e-24   1.4791068e+09
   9.8798922e-25   1.5135596e+09
   9.2316181e-25   1.5488149e+09
   8.6258656e-25   1.5848915e+09
   8.0598446e-25   1.6218083e+09
   7.5309514e-25   1.6595851e+09
   7.0367512e-25   1.6982418e+09
   6.5749693e-25   1.7377989e+09
   6.1434801e-25   1.7782775e+09
   5.7402968e-25   1.8196989e+09
   5.3635634e-25   1.8620851e+09
   5.0115456e-25   1.9054586e+09
   4.6826221e-25   1.9498425e+09
   4.3752790e-25   1.9952601e+09
   4.0881006e-25   2.0417357e+09
   3.8197643e-25   2.0892938e+09
   3.5690348e-25   2.1379597e+09
   3.3347569e-25   2.1877592e+09
   3.1158517e-25   2.2387187e+09
   2.9113106e-25   2.2908651e+09
   2.7201918e-25   2.3442262e+09
   2.5416149e-25   2.3988303e+09
   2.3747568e-25   2.4547062e+09
   2.2188488e-25   2.5118837e+09
   2.0731728e-25   2.5703930e+09
   1.9370576e-25   2.6302651e+09
   1.8098756e-25   2.6915318e+09
   1.6910411e-25   2.7542257e+09
   1.5800062e-25   2.8183798e+09
   1.4762593e-25   2.8840283e+09
   1.3793221e-25   2.9512060e+09
   1.2887479e-25   3.0199484e+09
   1.2041191e-25   3.0902920e+09
   1.1250457e-25   3.1622742e+09
   1.0511631e-25   3.2359330e+09
   9.8213053e-26   3.3113075e+09
   9.1762994e-26   3.3884378e+09
   8.5736386e-26   3.4673647e+09
   8.0105435e-26   3.5481300e+09
   7.4844183e-26   3.6307765e+09
   6.9928359e-26   3.7153482e+09
   6.5335291e-26   3.8018897e+09
   6.1043801e-26   3.8904471e+09
   5.7034089e-26   3.9810673e+09
   5.3287671e-26   4.0737982e+09
   4.9787255e-26   4.1686892e+09
   4.6516693e-26   4.2657904e+09
   4.3460905e-26   4.3651535e+09
   4.0605786e-26   4.4668309e+09
   3.7938164e-26   4.5708768e+09
   3.5445733e-26   4.6773462e+09
   3.3116988e-26   4.7862956e+09
   3.0941186e-26   4.8977827e+09
   2.8908286e-26   5.0118667e+09
   2.7008903e-26   5.1286081e+09
   2.5234275e-26   5.2480687e+09
   2.3576208e-26   5.3703120e+09
   2.2027050e-26   5.4954026e+09
   2.0579649e-26   5.6234070e+09
   1.9227324e-26   5.7543929e+09
   1.7963833e-26   5.8884300e+09
   1.6783339e-26   6.0255891e+09
   1.5680396e-26   6.1659431e+09
   1.4649910e-26   6.3095664e+09
   1.3687122e-26   6.4565350e+09
   1.2787587e-26   6.6069271e+09
   1.1947150e-26   6.7608222e+09
   1.1161930e-26   6.9183019e+09
   1.0428301e-26   7.0794499e+09
   9.7428728e-27   7.2443515e+09
   9.1024819e-27   7.4130941e+09
   8.5041694e-27   7.5857672e+09
   7.9451705e-27   7.7624624e+09
   7.4229038e-27   7.9432734e+09
   6.9349556e-27   8.1282960e+09
   6.4790725e-27   8.3176283e+09
   6.0531477e-27   8.5113708e+09
   5.6552133e-27   8.7096261e+09
   5.2834302e-27   8.9124993e+09
   4.9360810e-27   9.1200981e+09
   4.6115595e-27   9.3325325e+09
   4.3083669e-27   9.5499151e+09
   4.0251011e-27   9.7723611e+09
   3.7604533e-27   9.9999887e+09
   3.5132005e-27   1.0232918e+10
   3.2821991e-27   1.0471274e+10
   3.0663817e-27   1.0715181e+10
   2.8647503e-27   1.0964770e+10
   2.6763732e-27   1.1220172e+10
   2.5003790e-27   1.1481523e+10
   2.3359541e-27   1.1748962e+10
   2.1823382e-27   1.2022631e+10
   2.0388210e-27   1.2302674e+10
   1.9047389e-27   1.2589240e+10
   1.7794720e-27   1.2882481e+10
   1.6624406e-27   1.3182552e+10
   1.5531034e-27   1.3489613e+10
   1.4509550e-27   1.3803827e+10
   1.3555228e-27   1.4125359e+10
   1.2663654e-27   1.4454381e+10
   1.1830702e-27   1.4791067e+10
   1.1052520e-27   1.5135595e+10
   1.0325508e-27   1.5488149e+10
   9.6463023e-28   1.5848914e+10
   9.0117604e-28   1.6218082e+10
   8.4189447e-28   1.6595850e+10
   7.8651146e-28   1.6982417e+10
   7.3477054e-28   1.7377988e+10
   6.8643234e-28   1.7782774e+10
   6.4127319e-28   1.8196988e+10
   5.9908401e-28   1.8620850e+10
   5.5966961e-28   1.9054585e+10
   5.2284746e-28   1.9498424e+10
   4.8844723e-28   1.9952600e+10
   4.5630957e-28   2.0417356e+10
   4.2628577e-28   2.0892937e+10
   3.9823686e-28   2.1379596e+10
   3.7203292e-28   2.1877591e+10
   3.4755269e-28   2.2387186e+10
   3.2468278e-28   2.2908650e+10
   3.0331728e-28   2.3442261e+10
   2.8335731e-28   2.3988302e+10
   2.6471040e-28   2.4547061e+10
   2.4729022e-28   2.5118835e+10
   2.3101609e-28   2.5703928e+10
   2.1581261e-28   2.6302650e+10
   2.0160940e-28   2.6915317e+10
   1.8834065e-28   2.7542255e+10
   1.7594491e-28   2.8183797e+10
   1.6436475e-28   2.8840282e+10
   1.5354652e-28   2.9512058e+10
   1.4344013e-28   3.0199482e+10
   1.3399873e-28   3.0902919e+10
   1.2517859e-28   3.1622740e+10
   1.1693883e-28   3.2359328e+10
   1.0924129e-28   3.3113074e+10
   1.0205029e-28   3.3884376e+10
   9.5332497e-29   3.4673645e+10
   8.9056800e-29   3.5481298e+10
   8.3194101e-29   3.6307763e+10
   7.7717238e-29   3.7153480e+10
   7.2600824e-29   3.8018895e+10
   6.7821142e-29   3.8904469e+10
   6.3356035e-29   3.9810671e+10
   5.9184808e-29   4.0737980e+10
   5.5288128e-29   4.1686890e+10
   5.1647922e-29   4.2657902e+10
   4.8247320e-29   4.3651532e+10
   4.5070555e-29   4.4668307e+10
   4.2102896e-29   4.5708766e+10
   3.9330586e-29   4.6773460e+10
   3.6740767e-29   4.7862953e+10
   3.4321432e-29   4.8977825e+10
   3.2061359e-29   5.0118665e+10
   2.9950070e-29   5.1286078e+10
   2.7977774e-29   5.2480685e+10
   2.6135321e-29   5.3703117e+10
   2.4414164e-29   5.4954023e+10
   2.2806322e-29   5.6234067e+10
   2.1304339e-29   5.7543926e+10
   1.9901243e-29   5.8884297e+10
   1.8590529e-29   6.0255888e+10
   1.7366115e-29   6.1659428e+10
   1.6222322e-29   6.3095660e+10
   1.5153840e-29   6.4565347e+10
   1.4155713e-29   6.6069267e+10
   1.3223310e-29   6.7608218e+10
   1.2352305e-29   6.9183016e+10
   1.1538656e-29   7.0794495e+10
   1.0778587e-29   7.2443511e+10
   1.0068571e-29   7.4130937e+10
   9.4053127e-30   7.5857668e+10
   8.7857328e-30   7.7624620e+10
   8.2069570e-30   7.9432730e+10
   7.6662988e-30   8.1282956e+10
   7.1612478e-30   8.3176279e+10
   6.6894596e-30   8.5113703e+10
   6.2487444e-30   8.7096256e+10
   5.8370566e-30   8.9124989e+10
   5.4524841e-30   9.1200976e+10
   5.0932425e-30   9.3325320e+10
   4.7576631e-30   9.5499146e+10
   4.4441879e-30   9.7723606e+10
   4.1513612e-30   9.9999882e+10
   3.8778238e-30   1.0232918e+11
   3.6223048e-30   1.0471273e+11
   3.3836178e-30   1.0715180e+11
   3.1606549e-30   1.0964769e+11
   2.9523797e-30   1.1220171e+11
   2.7578254e-30   1.1481523e+11
   2.5760882e-30   1.1748962e+11
   2.4063240e-30   1.2022630e+11
   2.2477442e-30   1.2302673e+11
   2.0996121e-30   1.2589239e+11
   1.9612397e-30   1.2882480e+11
   1.8319841e-30   1.3182552e+11
   1.7112446e-30   1.3489613e+11
   1.5984605e-30   1.3803826e+11
   1.4931079e-30   1.4125359e+11
   1.3946971e-30   1.4454380e+11
   1.3027707e-30   1.4791066e+11
   1.2169017e-30   1.5135594e+11
   1.1366909e-30   1.5488148e+11
   1.0617658e-30   1.5848913e+11
   9.9177813e-31   1.6218082e+11
   9.2640249e-31   1.6595849e+11
   8.6533509e-31   1.6982416e+11
   8.0829220e-31   1.7377988e+11
   7.5500850e-31   1.7782773e+11
   7.0523643e-31   1.8196987e+11
   6.5874454e-31   1.8620849e+11
   6.1531680e-31   1.9054584e+11
   5.7475129e-31   1.9498423e+11
   5.3685941e-31   1.9952599e+11
   5.0146495e-31   2.0417355e+11
   4.6840342e-31   2.0892936e+11
   4.3752107e-31   2.1379595e+11
   4.0867425e-31   2.1877590e+11
   3.8172891e-31   2.2387184e+11
   3.5655969e-31   2.2908649e+11
   3.3304957e-31   2.3442260e+11
   3.1108922e-31   2.3988300e+11
   2.9057649e-31   2.4547060e+11
   2.7141598e-31   2.5118834e+11
   2.5351858e-31   2.5703927e+11
   2.3680106e-31   2.6302648e+11
   2.2118562e-31   2.6915316e+11
   2.0659967e-31   2.7542254e+11
   1.9297532e-31   2.8183795e+11
   1.8024921e-31   2.8840280e+11
   1.6836213e-31   2.9512057e+11
   1.5725879e-31   3.0199481e+11
   1.4688751e-31   3.0902917e+11
   1.3720003e-31   3.1622738e+11
   1.2815131e-31   3.2359327e+11
   1.1969923e-31   3.3113072e+11
   1.1180445e-31   3.3884375e+11
   1.0443024e-31   3.4673643e+11
   9.7542280e-32   3.5481296e+11
   9.1108518e-32   3.6307761e+11
   8.5099014e-32   3.7153478e+11
   7.9485800e-32   3.8018893e+11
   7.4242736e-32   3.8904467e+11
   6.9345439e-32   3.9810669e+11
   6.4771096e-32   4.0737978e+11
   6.0498427e-32   4.1686888e+11
   5.6507536e-32   4.2657900e+11
   5.2779843e-32   4.3651530e+11
   4.9298003e-32   4.4668305e+11
   4.6045795e-32   4.5708763e+11
   4.3008085e-32   4.6773457e+11
   4.0170727e-32   4.7862951e+11
   3.7520513e-32   4.8977822e+11
   3.5045098e-32   5.0118662e+11
   3.2732960e-32   5.1286076e+11
   3.0573327e-32   5.2480682e+11
   2.8556149e-32   5.3703114e+11
   2.6672029e-32   5.4954020e+11
   2.4912187e-32   5.6234064e+11
   2.3268436e-32   5.7543923e+11
   2.1733117e-32   5.8884293e+11
   2.0299076e-32   6.0255885e+11
   1.8959637e-32   6.1659425e+11
   1.7708559e-32   6.3095657e+11
   1.6540015e-32   6.4565344e+11
   1.5448563e-32   6.6069264e+11
   1.4429115e-32   6.7608215e+11
   1.3476925e-32   6.9183012e+11
   1.2587556e-32   7.0794492e+11
   1.1756864e-32   7.2443507e+11
   1.0980979e-32   7.4130933e+11
   1.0256285e-32   7.5857664e+11
   9.5794062e-33   7.7624616e+11
   8.9471886e-33   7.9432726e+11
   8.3566856e-33   8.1282952e+11
   7.8051451e-33   8.3176275e+11
   7.2899987e-33   8.5113699e+11
   6.8088438e-33   8.7096252e+11
   6.3594384e-33   8.9124984e+11
   5.9396885e-33   9.1200971e+11
   5.5476372e-33   9.3325315e+11
   5.1814571e-33   9.5499141e+11
   4.8394419e-33   9.7723601e+11
   4.5199969e-33   9.9999876e+11
   4.2216329e-33   1.0232917e+12
   3.9429592e-33   1.0471273e+12
   3.6826769e-33   1.0715180e+12
   3.4395721e-33   1.0964768e+12
   3.2125118e-33   1.1220171e+12
   3.0004370e-33   1.1481522e+12
   2.8023592e-33   1.1748961e+12
   2.6173548e-33   1.2022629e+12
   2.4445610e-33   1.2302672e+12
   2.2831722e-33   1.2589239e+12
   2.1324356e-33   1.2882480e+12
   1.9916487e-33   1.3182551e+12
   1.8601544e-33   1.3489612e+12
   1.7373399e-33   1.3803825e+12
   1.6226320e-33   1.4125358e+12
   1.5154962e-33   1.4454380e+12
   1.4154323e-33   1.4791065e+12
   1.3219740e-33   1.5135594e+12
   1.2346851e-33   1.5488147e+12
   1.1531584e-33   1.5848912e+12
   1.0770138e-33   1.6218081e+12
   1.0058960e-33   1.6595848e+12
   9.3947318e-34   1.6982415e+12
   8.7743554e-34   1.7377987e+12
   8.1949350e-34   1.7782772e+12
   7.6537695e-34   1.8196986e+12
   7.1483318e-34   1.8620848e+12
   6.6762652e-34   1.9054583e+12
   6.2353657e-34   1.9498422e+12
   5.8235767e-34   1.9952598e+12
   5.4389765e-34   2.0417354e+12
   5.0797707e-34   2.0892935e+12
   4.7442823e-34   2.1379594e+12
   4.4309461e-34   2.1877589e+12
   4.1382994e-34   2.2387183e+12
   3.8649768e-34   2.2908648e+12
   3.6097021e-34   2.3442259e+12
   3.3712840e-34   2.3988299e+12
   3.1486101e-34   2.4547058e+12
   2.9406403e-34   2.5118833e+12
   2.7464043e-34   2.5703926e+12
   2.5649950e-34   2.6302647e+12
   2.3955661e-34   2.6915314e+12
   2.2373260e-34   2.7542252e+12
   2.0895363e-34   2.8183794e+12
   1.9515068e-34   2.8840279e+12
   1.8225933e-34   2.9512055e+12
   1.7021937e-34   3.0199479e+12
   1.5897459e-34   3.0902915e+12
   1.4847249e-34   3.1622737e+12
   1.3866402e-34   3.2359325e+12
   1.2950339e-34   3.3113070e+12
   1.2094780e-34   3.3884373e+12
   1.1295730e-34   3.4673641e+12
   1.0549460e-34   3.5481294e+12
   9.8524828e-35   3.6307760e+12
   9.2015431e-35   3.7153476e+12
   8.5936007e-35   3.8018892e+12
   8.0258157e-35   3.8904465e+12
   7.4955369e-35   3.9810667e+12
   7.0002870e-35   4.0737976e+12
   6.5377529e-35   4.1686886e+12
   6.1057731e-35   4.2657898e+12
   5.7023306e-35   4.3651528e+12
   5.3255398e-35   4.4668303e+12
   4.9736406e-35   4.5708761e+12
   4.6449892e-35   4.6773455e+12
   4.3380503e-35   4.7862948e+12
   4.0513892e-35   4.8977820e+12
   3.7836669e-35   5.0118660e+12
   3.5336324e-35   5.1286073e+12
   3.3001175e-35   5.2480679e+12
   3.0820308e-35   5.3703111e+12
   2.8783532e-35   5.4954017e+12
   2.6881329e-35   5.6234061e+12
   2.5104808e-35   5.7543920e+12
   2.3445670e-35   5.8884290e+12
   2.1896158e-35   6.0255882e+12
   2.0449031e-35   6.1659422e+12
   1.9097526e-35   6.3095654e+12
   1.7835326e-35   6.4565340e+12
   1.6656528e-35   6.6069260e+12
   1.5555627e-35   6.7608211e+12
   1.4527473e-35   6.9183009e+12
   1.3567261e-35   7.0794488e+12
   1.2670503e-35   7.2443503e+12
   1.1833006e-35   7.4130929e+12
   1.1050854e-35   7.5857660e+12
   1.0320391e-35   7.7624612e+12
   9.6382020e-36   7.9432722e+12
   9.0010976e-36   8.1282947e+12
   8.4060983e-36   8.3176270e+12
   7.8504218e-36   8.5113695e+12
   7.3314702e-36   8.7096247e+12
   6.8468169e-36   8.9124979e+12
   6.3941957e-36   9.1200967e+12
   5.9714898e-36   9.3325310e+12
   5.5767223e-36   9.5499136e+12
   5.2080469e-36   9.7723596e+12
   4.8637399e-36   9.9999871e+12
   4.5421905e-36   1.0232917e+13
   4.2418948e-36   1.0471272e+13
   3.9614482e-36   1.0715179e+13
   3.6995395e-36   1.0964768e+13
   3.4549432e-36   1.1220170e+13
   3.2265153e-36   1.1481521e+13
   3.0131872e-36   1.1748960e+13
   2.8139609e-36   1.2022629e+13
   2.6279043e-36   1.2302672e+13
   2.4541472e-36   1.2589238e+13
   2.2918766e-36   1.2882479e+13
   2.1403335e-36   1.3182550e+13
   1.9988085e-36   1.3489611e+13
   1.8666399e-36   1.3803825e+13
   1.7432090e-36   1.4125357e+13
   1.6279382e-36   1.4454379e+13
   1.5202884e-36   1.4791065e+13
   1.4197555e-36   1.5135593e+13
   1.3258694e-36   1.5488146e+13
   1.2381906e-36   1.5848911e+13
   1.1563088e-36   1.6218080e+13
   1.0798409e-36   1.6595848e+13
   1.0084287e-36   1.6982414e+13
   9.4173840e-37   1.7377986e+13
   8.7945761e-37   1.7782771e+13
   8.2129480e-37   1.8196985e+13
   7.6697796e-37   1.8620847e+13
   7.1625261e-37   1.9054582e+13
   6.6888141e-37   1.9498421e+13
   6.2464267e-37   1.9952597e+13
   5.8332921e-37   2.0417353e+13
   5.4474767e-37   2.0892934e+13
   5.0871744e-37   2.1379593e+13
   4.7506982e-37   2.1877588e+13
   4.4364733e-37   2.2387182e+13
   4.1430275e-37   2.2908647e+13
   3.8689882e-37   2.3442258e+13
   3.6130714e-37   2.3988298e+13
   3.3740792e-37   2.4547057e+13
   3.1508925e-37   2.5118831e+13
   2.9424662e-37   2.5703924e+13
   2.7478243e-37   2.6302646e+13
   2.5660555e-37   2.6915313e+13
   2.3963083e-37   2.7542251e+13
   2.2377880e-37   2.8183792e+13
   2.0897519e-37   2.8840277e+13
   1.9515072e-37   2.9512054e+13
   1.8224061e-37   3.0199478e+13
   1.7018440e-37   3.0902914e+13
   1.5892563e-37   3.1622735e+13
   1.4841155e-37   3.2359323e+13
   1.3859292e-37   3.3113069e+13
   1.2942376e-37   3.3884371e+13
   1.2086111e-37   3.4673639e+13
   1.1286484e-37   3.5481292e+13
   1.0539752e-37   3.6307758e+13
   9.8424166e-38   3.7153474e+13
   9.1912091e-38   3.8018890e+13
   8.5830798e-38   3.8904463e+13
   8.0151795e-38   3.9810665e+13
   7.4848474e-38   4.0737974e+13
   6.9895988e-38   4.1686883e+13
   6.5271126e-38   4.2657896e+13
   6.0952229e-38   4.3651526e+13
   5.6919056e-38   4.4668300e+13
   5.3152702e-38   4.5708759e+13
   4.9635527e-38   4.6773452e+13
   4.6351044e-38   4.7862946e+13
   4.3283862e-38   4.8977817e+13
   4.0419608e-38   5.0118657e+13
   3.7744854e-38   5.1286071e+13
   3.5247073e-38   5.2480677e+13
   3.2914550e-38   5.3703109e+13
   3.0736358e-38   5.4954015e+13
   2.8702286e-38   5.6234058e+13
   2.6802801e-38   5.7543917e+13
   2.5028998e-38   5.8884287e+13
   2.3372565e-38   6.0255879e+13
   2.1825735e-38   6.1659418e+13
   2.0381258e-38   6.3095651e+13
   1.9032363e-38   6.4565337e+13
   1.7772726e-38   6.6069257e+13
   1.6596441e-38   6.7608208e+13
   1.5497995e-38   6.9183005e+13
   1.4472236e-38   7.0794484e+13
   1.3514358e-38   7.2443500e+13
   1.2619867e-38   7.4130925e+13
   1.1784570e-38   7.5857656e+13
   1.1004551e-38   7.7624608e+13
   1.0276152e-38   7.9432718e+13
   9.5959574e-39   8.1282943e+13
   8.9607782e-39   8.3176266e+13
   8.3676366e-39   8.5113690e+13
   7.8137481e-39   8.7096243e+13
   7.2965191e-39   8.9124975e+13
   6.8135209e-39   9.1200962e+13
   6.3624892e-39   9.3325305e+13
   5.9413093e-39   9.5499131e+13
   5.5480055e-39   9.7723591e+13
   5.1807321e-39   9.9999866e+13
   4.8377685e-39   1.0232916e+14
   4.5175060e-39   1.0471271e+14
   4.2184395e-39   1.0715179e+14
   3.9391691e-39   1.0964767e+14
   3.6783846e-39   1.1220170e+14
   3.4348614e-39   1.1481521e+14
   3.2074573e-39   1.1748960e+14
   2.9951059e-39   1.2022628e+14
   2.7968096e-39   1.2302671e+14
   2.6116406e-39   1.2589237e+14
   2.4387302e-39   1.2882478e+14
   2.2772641e-39   1.3182550e+14
   2.1264872e-39   1.3489611e+14
   1.9856918e-39   1.3803824e+14
   1.8542163e-39   1.4125356e+14
   1.7314444e-39   1.4454378e+14
   1.6168014e-39   1.4791064e+14
   1.5097464e-39   1.5135592e+14
   1.4097791e-39   1.5488145e+14
   1.3164302e-39   1.5848911e+14
   1.2292611e-39   1.6218079e+14
   1.1478638e-39   1.6595847e+14
   1.0718546e-39   1.6982414e+14
   1.0008788e-39   1.7377985e+14
   9.3460021e-40   1.7782770e+14
   8.7271187e-40   1.8196984e+14
   8.1491952e-40   1.8620846e+14
   7.6095411e-40   1.9054581e+14
   7.1056202e-40   1.9498420e+14
   6.6350642e-40   1.9952596e+14
   6.1956590e-40   2.0417352e+14
   5.7853588e-40   2.0892933e+14
   5.4022158e-40   2.1379592e+14
   5.0444503e-40   2.1877587e+14
   4.7103667e-40   2.2387181e+14
   4.3984096e-40   2.2908645e+14
   4.1071077e-40   2.3442256e+14
   3.8351017e-40   2.3988297e+14
   3.5811023e-40   2.4547056e+14
   3.3439185e-40   2.5118830e+14
   3.1224433e-40   2.5703923e+14
   2.9156397e-40   2.6302644e+14
   2.7225267e-40   2.6915311e+14
   2.5421936e-40   2.7542250e+14
   2.3738136e-40   2.8183791e+14
   2.2165879e-40   2.8840276e+14
   2.0697599e-40   2.9512052e+14
   1.9326708e-40   3.0199476e+14
   1.8046482e-40   3.0902912e+14
   1.6851175e-40   3.1622733e+14
   1.5734900e-40   3.2359322e+14
   1.4692614e-40   3.3113067e+14
   1.3719413e-40   3.3884369e+14
   1.2810530e-40   3.4673638e+14
   1.1961904e-40   3.5481290e+14
   1.1169610e-40   3.6307756e+14
   1.0429584e-40   3.7153472e+14
   9.7387441e-41   3.8018888e+14
   9.0935863e-41   3.8904461e+14
   8.4911680e-41   3.9810663e+14
   7.9286868e-41   4.0737972e+14
   7.4033400e-41   4.1686881e+14
   6.9128856e-41   4.2657893e+14
   6.4549412e-41   4.3651523e+14
   6.0272650e-41   4.4668298e+14
   5.6280350e-41   4.5708756e+14
   5.2551495e-41   4.6773450e+14
   4.9069268e-41   4.7862944e+14
   4.5818256e-41   4.8977815e+14
   4.2783043e-41   5.0118654e+14
   3.9948217e-41   5.1286068e+14
   3.7301164e-41   5.2480674e+14
   3.4830675e-41   5.3703106e+14
   3.2522736e-41   5.4954012e+14
   3.0367539e-41   5.6234055e+14
   2.8355274e-41   5.7543914e+14
   2.6476133e-41   5.8884284e+14
   2.4721708e-41   6.0255876e+14
   2.3083590e-41   6.1659415e+14
   2.1554773e-41   6.3095647e+14
   2.0126850e-41   6.4565334e+14
   1.8792814e-41   6.6069254e+14
   1.7547059e-41   6.7608204e+14
   1.6383982e-41   6.9183002e+14
   1.5299377e-41   7.0794481e+14
   1.4284837e-41   7.2443496e+14
   1.3338960e-41   7.4130922e+14
   1.2454741e-41   7.5857653e+14
   1.1629376e-41   7.7624604e+14
   1.0858662e-41   7.9432714e+14
   1.0138394e-41   8.1282939e+14
   9.4671724e-42   8.3176262e+14
   8.8393907e-42   8.5113686e+14
   8.2536480e-42   8.7096238e+14
   7.7071416e-42   8.9124970e+14
   7.1956676e-42   9.1200957e+14
   6.7192261e-42   9.3325301e+14
   6.2736132e-42   9.5499126e+14
   5.8574276e-42   9.7723586e+14
   5.4692679e-42   9.9999861e+14
   5.1077329e-42   1.0232916e+15
   4.7686187e-42   1.0471271e+15
   4.4533265e-42   1.0715178e+15
   4.1576525e-42   1.0964767e+15
   3.8815967e-42   1.1220169e+15
   3.6251591e-42   1.1481520e+15
   3.3841358e-42   1.1748959e+15
   3.1599280e-42   1.2022628e+15
   2.9511346e-42   1.2302671e+15
   2.7549528e-42   1.2589237e+15
   2.5727840e-42   1.2882478e+15
   2.4018256e-42   1.3182549e+15
   2.2420775e-42   1.3489610e+15
   2.0935399e-42   1.3803823e+15
   1.9548114e-42   1.4125356e+15
   1.8258919e-42   1.4454378e+15
   1.7039789e-42   1.4791063e+15
   1.5918751e-42   1.5135591e+15
   1.4867777e-42   1.5488145e+15
   1.3872855e-42   1.5848910e+15
   1.2962011e-42   1.6218078e+15
   1.2093206e-42   1.6595846e+15
   1.1294466e-42   1.6982413e+15
   1.0551777e-42   1.7377984e+15
   9.8511282e-43   1.7782769e+15
   9.1925179e-43   1.8196983e+15
   8.5899596e-43   1.8620845e+15
   8.0154272e-43   1.9054580e+15
   7.4829338e-43   1.9498419e+15
   6.9924793e-43   1.9952595e+15
   6.5300508e-43   2.0417351e+15
   6.0956483e-43   2.0892932e+15
   5.6892718e-43   2.1379591e+15
   5.3109212e-43   2.1877585e+15
   4.9605966e-43   2.2387180e+15
   4.6242849e-43   2.2908644e+15
   4.3300123e-43   2.3442255e+15
   4.0357396e-43   2.3988295e+15
   3.7694929e-43   2.4547055e+15
   3.5172591e-43   2.5118829e+15
   3.2790384e-43   2.5703922e+15
   3.0688436e-43   2.6302643e+15
   2.8586489e-43   2.6915310e+15
   2.6764801e-43   2.7542248e+15
   2.4943113e-43   2.8183789e+15
   2.3261555e-43   2.8840274e+15
   2.1720126e-43   2.9512051e+15
   2.0318828e-43   3.0199474e+15
   1.8917529e-43   3.0902911e+15
   1.7656361e-43   3.1622732e+15
   1.6535322e-43   3.2359320e+15
   1.5414283e-43   3.3113065e+15
   1.4433374e-43   3.3884368e+15
   1.3452465e-43   3.4673636e+15
   1.2611686e-43   3.5481289e+15
   1.1770907e-43   3.6307754e+15
   1.0930128e-43   3.7153470e+15
   1.0229479e-43   3.8018886e+15
   9.5288296e-44   3.8904459e+15
   8.9683102e-44   3.9810661e+15
   8.2676609e-44   4.0737970e+15
   7.8472714e-44   4.1686879e+15
   7.2867520e-44   4.2657891e+15
   6.7262326e-44   4.3651521e+15
   6.3058431e-44   4.4668296e+15
   5.8854536e-44   4.5708754e+15
   5.4650640e-44   4.6773448e+15
   5.1848043e-44   4.7862941e+15
   4.7644148e-44   4.8977812e+15
   4.4841551e-44   5.0118652e+15
   4.2038954e-44   5.1286065e+15
   3.9236357e-44   5.2480671e+15
   3.6433760e-44   5.3703103e+15
   3.3631163e-44   5.4954009e+15
   3.2229865e-44   5.6234052e+15
   2.9427268e-44   5.7543912e+15
   2.8025969e-44   5.8884281e+15
   2.6624671e-44   6.0255872e+15
   2.3822074e-44   6.1659412e+15
   2.2420775e-44   6.3095644e+15
   2.1019477e-44   6.4565330e+15
   1.9618179e-44   6.6069250e+15
   1.8216880e-44   6.7608201e+15
   1.6815582e-44   6.9182998e+15
   1.5414283e-44   7.0794477e+15
   1.5414283e-44   7.2443492e+15
   1.4012985e-44   7.4130918e+15
   1.2611686e-44   7.5857649e+15
   1.2611686e-44   7.7624600e+15
   1.1210388e-44   7.9432709e+15
   1.1210388e-44   8.1282935e+15
   9.8090893e-45   8.3176258e+15
   9.8090893e-45   8.5113681e+15
   8.4077908e-45   8.7096234e+15
   8.4077908e-45   8.9124966e+15
   7.0064923e-45   9.1200953e+15
   7.0064923e-45   9.3325296e+15
   7.0064923e-45   9.5499121e+15
   5.6051939e-45   9.7723581e+15
   5.6051939e-45   9.9999856e+15
   5.6051939e-45   1.0232915e+16
   5.6051939e-45   1.0471270e+16
   4.2038954e-45   1.0715178e+16
   4.2038954e-45   1.0964766e+16
   4.2038954e-45   1.1220168e+16
   4.2038954e-45   1.1481520e+16
   4.2038954e-45   1.1748959e+16
   2.8025969e-45   1.2022627e+16
   2.8025969e-45   1.2302670e+16
   2.8025969e-45   1.2589236e+16
   2.8025969e-45   1.2882477e+16
   2.8025969e-45   1.3182548e+16
   2.8025969e-45   1.3489609e+16
   2.8025969e-45   1.3803823e+16
   1.4012985e-45   1.4125355e+16
   1.4012985e-45   1.4454377e+16
   1.4012985e-45   1.4791062e+16
   1.4012985e-45   1.5135591e+16
   1.4012985e-45   1.5488144e+16
   1.4012985e-45   1.5848909e+16
   1.4012985e-45   1.6218077e+16
   1.4012985e-45   1.6595845e+16
   1.4012985e-45   1.6982412e+16
   1.4012985e-45   1.7377983e+16
   1.4012985e-45   1.7782768e+16
   1.4012985e-45   1.8196982e+16
   1.4012985e-45   1.8620844e+16
   1.4012985e-45   1.9054579e+16
   1.4012985e-45   1.9498418e+16
   1.4012985e-45   1.9952594e+16
       0.0000000   2.0417350e+16
       0.0000000   2.0892931e+16
       0.0000000   2.1379590e+16
       0.0000000   2.1877584e+16
       0.0000000   2.2387179e+16
       0.0000000   2.2908643e+16
       0.0000000   2.3442254e+16
       0.0000000   2.3988294e+16
       0.0000000   2.4547053e+16
       0.0000000   2.5118828e+16
       0.0000000   2.5703920e+16
       0.0000000   2.6302641e+16
       0.0000000   2.6915309e+16
       0.0000000   2.7542247e+16
       0.0000000   2.8183788e+16
       0.0000000   2.8840273e+16
       0.0000000   2.9512049e+16
       0.0000000   3.0199473e+16
       0.0000000   3.0902909e+16
       0.0000000   3.1622730e+16
       0.0000000   3.2359318e+16
       0.0000000   3.3113064e+16
       0.0000000   3.3884366e+16
       0.0000000   3.4673634e+16
       0.0000000   3.5481287e+16
       0.0000000   3.6307752e+16
       0.0000000   3.7153468e+16
       0.0000000   3.8018884e+16
       0.0000000   3.8904457e+16
       0.0000000   3.9810658e+16
       0.0000000   4.0737968e+16
       0.0000000   4.1686877e+16
       0.0000000   4.2657889e+16
       0.0000000   4.3651519e+16
       0.0000000   4.4668293e+16
       0.0000000   4.5708752e+16
       0.0000000   4.6773445e+16
       0.0000000   4.7862939e+16
       0.0000000   4.8977810e+16
       0.0000000   5.0118649e+16
       0.0000000   5.1286063e+16
       0.0000000   5.2480668e+16
       0.0000000   5.3703100e+16
       0.0000000   5.4954006e+16
       0.0000000   5.6234049e+16
       0.0000000   5.7543909e+16
       0.0000000   5.8884278e+16
       0.0000000   6.0255869e+16
       0.0000000   6.1659409e+16
       0.0000000   6.3095641e+16
       0.0000000   6.4565327e+16
       0.0000000   6.6069247e+16
       0.0000000   6.7608197e+16
       0.0000000   6.9182994e+16
       0.0000000   7.0794473e+16
       0.0000000   7.2443488e+16
       0.0000000   7.4130914e+16
       0.0000000   7.5857645e+16
       0.0000000   7.7624596e+16
       0.0000000   7.9432705e+16
       0.0000000   8.1282931e+16
       0.0000000   8.3176253e+16
       0.0000000   8.5113677e+16
       0.0000000   8.7096229e+16
       0.0000000   8.9124961e+16
       0.0000000   9.1200948e+16
       0.0000000   9.3325291e+16
       0.0000000   9.5499116e+16
       0.0000000   9.7723576e+16
       0.0000000   9.9999851e+16
       0.0000000   1.0232915e+17
       0.0000000   1.0471270e+17
       0.0000000   1.0715177e+17
       0.0000000   1.0964766e+17
       0.0000000   1.1220168e+17
       0.0000000   1.1481519e+17
       0.0000000   1.1748958e+17
       0.0000000   1.2022626e+17
       0.0000000   1.2302669e+17
       0.0000000   1.2589235e+17
       0.0000000   1.2882476e+17
       0.0000000   1.3182548e+17
       0.0000000   1.3489609e+17
       0.0000000   1.3803822e+17
       0.0000000   1.4125354e+17
       0.0000000   1.4454376e+17
       0.0000000   1.4791062e+17
       0.0000000   1.5135590e+17
       0.0000000   1.5488143e+17
       0.0000000   1.5848908e+17
       0.0000000   1.6218077e+17
       0.0000000   1.6595844e+17
       0.0000000   1.6982411e+17
       0.0000000   1.7377982e+17
       0.0000000   1.7782767e+17
       0.0000000   1.8196981e+17
       0.0000000   1.8620843e+17
       0.0000000   1.9054578e+17
       0.0000000   1.9498417e+17
       0.0000000   1.9952593e+17
       0.0000000   2.0417349e+17
       0.0000000   2.0892930e+17
       0.0000000   2.1379589e+17
       0.0000000   2.1877583e+17
       0.0000000   2.2387178e+17
       0.0000000   2.2908642e+17
       0.0000000   2.3442253e+17
       0.0000000   2.3988293e+17
       0.0000000   2.4547052e+17
       0.0000000   2.5118826e+17
       0.0000000   2.5703919e+17
       0.0000000   2.6302640e+17
       0.0000000   2.6915307e+17
       0.0000000   2.7542245e+17
       0.0000000   2.8183787e+17
       0.0000000   2.8840271e+17
       0.0000000   2.9512048e+17
       0.0000000   3.0199471e+17
       0.0000000   3.0902907e+17
       0.0000000   3.1622729e+17
       0.0000000   3.2359317e+17
       0.0000000   3.3113062e+17
       0.0000000   3.3884364e+17
       0.0000000   3.4673632e+17
       0.0000000   3.5481285e+17
       0.0000000   3.6307750e+17
       0.0000000   3.7153466e+17
       0.0000000   3.8018882e+17
       0.0000000   3.8904455e+17
       0.0000000   3.9810656e+17
       0.0000000   4.0737966e+17
       0.0000000   4.1686875e+17
       0.0000000   4.2657887e+17
       0.0000000   4.3651517e+17
       0.0000000   4.4668291e+17
       0.0000000   4.5708749e+17
       0.0000000   4.6773443e+17
       0.0000000   4.7862936e+17
       0.0000000   4.8977807e+17
       0.0000000   5.0118647e+17
       0.0000000   5.1286060e+17
       0.0000000   5.2480666e+17
       0.0000000   5.3703097e+17
       0.0000000   5.4954003e+17
       0.0000000   5.6234046e+17
       0.0000000   5.7543906e+17
       0.0000000   5.8884275e+17
       0.0000000   6.0255866e+17
       0.0000000   6.1659406e+17
       0.0000000   6.3095638e+17
       0.0000000   6.4565324e+17
       0.0000000   6.6069243e+17
       0.0000000   6.7608194e+17
       0.0000000   6.9182991e+17
       0.0000000   7.0794470e+17
       0.0000000   7.2443485e+17
       0.0000000   7.4130910e+17
       0.0000000   7.5857641e+17
       0.0000000   7.7624592e+17
       0.0000000   7.9432701e+17
       0.0000000   8.1282926e+17
       0.0000000   8.3176249e+17
       0.0000000   8.5113673e+17
       0.0000000   8.7096225e+17
       0.0000000   8.9124956e+17
       0.0000000   9.1200943e+17
       0.0000000   9.3325286e+17
       0.0000000   9.5499111e+17
       0.0000000   9.7723571e+17
       0.0000000   9.9999846e+17
