    0.0441000
     0.258000
     0.719000
     0.963000
     0.796000
   1.2345631e-05   1.0000000e-12
   1.2622581e-05   1.0232930e-12
   1.2905367e-05   1.0471285e-12
   1.3194684e-05   1.0715193e-12
   1.3490786e-05   1.0964782e-12
   1.3793063e-05   1.1220185e-12
   1.4102626e-05   1.1481536e-12
   1.4418855e-05   1.1748976e-12
   1.4741990e-05   1.2022644e-12
   1.5072696e-05   1.2302688e-12
   1.5410340e-05   1.2589254e-12
   1.5756010e-05   1.2882495e-12
   1.6109063e-05   1.3182567e-12
   1.6470574e-05   1.3489629e-12
   1.6839893e-05   1.3803843e-12
   1.7217226e-05   1.4125375e-12
   1.7603199e-05   1.4454398e-12
   1.7998005e-05   1.4791084e-12
   1.8401404e-05   1.5135612e-12
   1.8814007e-05   1.5488166e-12
   1.9235988e-05   1.5848932e-12
   1.9667516e-05   1.6218101e-12
   2.0108329e-05   1.6595869e-12
   2.0559011e-05   1.6982436e-12
   2.1020142e-05   1.7378008e-12
   2.1491436e-05   1.7782794e-12
   2.1973459e-05   1.8197008e-12
   2.2465916e-05   1.8620871e-12
   2.2969783e-05   1.9054607e-12
   2.3484750e-05   1.9498446e-12
   2.4011351e-05   1.9952623e-12
   2.4549690e-05   2.0417379e-12
   2.5100284e-05   2.0892961e-12
   2.5662795e-05   2.1379621e-12
   2.6238153e-05   2.1877616e-12
   2.6826425e-05   2.2387211e-12
   2.7428097e-05   2.2908676e-12
   2.8043221e-05   2.3442288e-12
   2.8671846e-05   2.3988329e-12
   2.9314850e-05   2.4547089e-12
   2.9971839e-05   2.5118864e-12
   3.0644096e-05   2.5703957e-12
   3.1331208e-05   2.6302679e-12
   3.2033593e-05   2.6915347e-12
   3.2751665e-05   2.7542286e-12
   3.3486238e-05   2.8183829e-12
   3.4236862e-05   2.8840314e-12
   3.5004759e-05   2.9512092e-12
   3.5789453e-05   3.0199516e-12
   3.6592133e-05   3.0902954e-12
   3.7412316e-05   3.1622776e-12
   3.8251164e-05   3.2359365e-12
   3.9108996e-05   3.3113111e-12
   3.9985705e-05   3.3884415e-12
   4.0882420e-05   3.4673684e-12
   4.1799009e-05   3.5481338e-12
   4.2736156e-05   3.6307804e-12
   4.3694530e-05   3.7153522e-12
   4.4673961e-05   3.8018938e-12
   4.5675923e-05   3.8904513e-12
   4.6699803e-05   3.9810716e-12
   4.7747038e-05   4.0738027e-12
   4.8817405e-05   4.1686937e-12
   4.9911901e-05   4.2657950e-12
   5.1031093e-05   4.3651582e-12
   5.2175528e-05   4.4668358e-12
   5.3345339e-05   4.5708817e-12
   5.4541444e-05   4.6773513e-12
   5.5764358e-05   4.7863008e-12
   5.7014557e-05   4.8977880e-12
   5.8292917e-05   5.0118722e-12
   5.9599894e-05   5.1286137e-12
   6.0936316e-05   5.2480744e-12
   6.2302606e-05   5.3703178e-12
   6.3699554e-05   5.4954085e-12
   6.5127533e-05   5.6234130e-12
   6.6588123e-05   5.7543991e-12
   6.8080837e-05   5.8884363e-12
   6.9607617e-05   6.0255956e-12
   7.1168339e-05   6.1659498e-12
   7.2763680e-05   6.3095732e-12
   7.4395510e-05   6.4565420e-12
   7.6063232e-05   6.6069342e-12
   7.7768673e-05   6.7608295e-12
   7.9512407e-05   6.9183094e-12
   8.1295395e-05   7.0794575e-12
   8.3118168e-05   7.2443593e-12
   8.4981635e-05   7.4131021e-12
   8.6887077e-05   7.5857754e-12
   8.8835346e-05   7.7624708e-12
   9.0827270e-05   7.9432820e-12
   9.2863644e-05   8.1283048e-12
   9.4945644e-05   8.3176373e-12
   9.7074808e-05   8.5113800e-12
   9.9251040e-05   8.7096355e-12
   0.00010147663   8.9125089e-12
   0.00010375182   9.1201079e-12
   0.00010607802   9.3325425e-12
   0.00010845662   9.5499254e-12
   0.00011088816   9.7723717e-12
   0.00011337476   9.9999995e-12
   0.00011591649   1.0232929e-11
   0.00011851579   1.0471285e-11
   0.00012117307   1.0715192e-11
   0.00012388990   1.0964781e-11
   0.00012666779   1.1220184e-11
   0.00012950783   1.1481536e-11
   0.00013241147   1.1748975e-11
   0.00013538050   1.2022644e-11
   0.00013841590   1.2302687e-11
   0.00014151937   1.2589253e-11
   0.00014469257   1.2882495e-11
   0.00014793675   1.3182567e-11
   0.00015125348   1.3489628e-11
   0.00015464505   1.3803842e-11
   0.00015811219   1.4125375e-11
   0.00016165750   1.4454397e-11
   0.00016528195   1.4791083e-11
   0.00016898807   1.5135612e-11
   0.00017277674   1.5488165e-11
   0.00017665075   1.5848931e-11
   0.00018061165   1.6218100e-11
   0.00018466134   1.6595868e-11
   0.00018880168   1.6982435e-11
   0.00019303482   1.7378007e-11
   0.00019736287   1.7782793e-11
   0.00020178828   1.8197007e-11
   0.00020631263   1.8620870e-11
   0.00021093863   1.9054606e-11
   0.00021566813   1.9498445e-11
   0.00022050369   1.9952622e-11
   0.00022544782   2.0417378e-11
   0.00023050254   2.0892960e-11
   0.00023567061   2.1379619e-11
   0.00024095508   2.1877615e-11
   0.00024635738   2.2387210e-11
   0.00025188117   2.2908675e-11
   0.00025752891   2.3442287e-11
   0.00026330294   2.3988327e-11
   0.00026920668   2.4547087e-11
   0.00027524272   2.5118863e-11
   0.00028141396   2.5703956e-11
   0.00028772393   2.6302678e-11
   0.00029417494   2.6915346e-11
   0.00030077077   2.7542285e-11
   0.00030751465   2.8183827e-11
   0.00031440944   2.8840313e-11
   0.00032145897   2.9512090e-11
   0.00032866659   3.0199515e-11
   0.00033603597   3.0902952e-11
   0.00034357028   3.1622774e-11
   0.00035127369   3.2359363e-11
   0.00035914991   3.3113110e-11
   0.00036720256   3.3884413e-11
   0.00037543586   3.4673682e-11
   0.00038385356   3.5481336e-11
   0.00039246044   3.6307803e-11
   0.00040125998   3.7153520e-11
   0.00041025670   3.8018937e-11
   0.00041945538   3.8904511e-11
   0.00042886028   3.9810714e-11
   0.00043847586   4.0738024e-11
   0.00044830731   4.1686935e-11
   0.00045835917   4.2657948e-11
   0.00046863593   4.3651580e-11
   0.00047914378   4.4668355e-11
   0.00048988691   4.5708815e-11
   0.00050087075   4.6773510e-11
   0.00051210116   4.7863005e-11
   0.00052358327   4.8977878e-11
   0.00053532288   5.0118719e-11
   0.00054732565   5.1286134e-11
   0.00055959733   5.2480741e-11
   0.00057214440   5.3703175e-11
   0.00058497302   5.4954082e-11
   0.00059808890   5.6234127e-11
   0.00061149895   5.7543989e-11
   0.00062520965   5.8884360e-11
   0.00063922798   6.0255953e-11
   0.00065356056   6.1659495e-11
   0.00066821411   6.3095729e-11
   0.00068319676   6.4565417e-11
   0.00069851498   6.6069339e-11
   0.00071417697   6.7608291e-11
   0.00073018990   6.9183091e-11
   0.00074656180   7.0794572e-11
   0.00076330092   7.2443589e-11
   0.00078041520   7.4131017e-11
   0.00079791347   7.5857750e-11
   0.00081580394   7.7624704e-11
   0.00083409535   7.9432816e-11
   0.00085279718   8.1283044e-11
   0.00087191828   8.3176369e-11
   0.00089146779   8.5113795e-11
   0.00091145618   8.7096350e-11
   0.00093189225   8.9125085e-11
   0.00095278682   9.1201075e-11
   0.00097414979   9.3325421e-11
   0.00099599175   9.5499249e-11
    0.0010183236   9.7723712e-11
    0.0010411559   9.9999990e-11
    0.0010645001   1.0232929e-10
    0.0010883681   1.0471284e-10
    0.0011127708   1.0715192e-10
    0.0011377210   1.0964781e-10
    0.0011632305   1.1220183e-10
    0.0011893120   1.1481535e-10
    0.0012159781   1.1748974e-10
    0.0012432423   1.2022643e-10
    0.0012711177   1.2302686e-10
    0.0012996182   1.2589253e-10
    0.0013287574   1.2882494e-10
    0.0013585504   1.3182566e-10
    0.0013890112   1.3489627e-10
    0.0014201549   1.3803841e-10
    0.0014519970   1.4125374e-10
    0.0014845532   1.4454396e-10
    0.0015178393   1.4791082e-10
    0.0015518715   1.5135611e-10
    0.0015866667   1.5488164e-10
    0.0016222425   1.5848930e-10
    0.0016586158   1.6218099e-10
    0.0016958044   1.6595867e-10
    0.0017338267   1.6982435e-10
    0.0017727021   1.7378006e-10
    0.0018124487   1.7782792e-10
    0.0018530865   1.8197006e-10
    0.0018946358   1.8620869e-10
    0.0019371165   1.9054605e-10
    0.0019805497   1.9498444e-10
    0.0020249565   1.9952621e-10
    0.0020703594   2.0417377e-10
    0.0021167800   2.0892959e-10
    0.0021642416   2.1379618e-10
    0.0022127673   2.1877614e-10
    0.0022623809   2.2387209e-10
    0.0023131070   2.2908674e-10
    0.0023649705   2.3442285e-10
    0.0024179968   2.3988326e-10
    0.0024722121   2.4547086e-10
    0.0025276428   2.5118861e-10
    0.0025843165   2.5703955e-10
    0.0026422611   2.6302677e-10
    0.0027015049   2.6915345e-10
    0.0027620767   2.7542284e-10
    0.0028240068   2.8183826e-10
    0.0028873254   2.8840311e-10
    0.0029520637   2.9512089e-10
    0.0030182537   3.0199513e-10
    0.0030859273   3.0902950e-10
    0.0031551190   3.1622773e-10
    0.0032258616   3.2359362e-10
    0.0032981904   3.3113108e-10
    0.0033721409   3.3884411e-10
    0.0034477497   3.4673681e-10
    0.0035250536   3.5481334e-10
    0.0036040910   3.6307801e-10
    0.0036849002   3.7153518e-10
    0.0037675214   3.8018935e-10
    0.0038519951   3.8904509e-10
    0.0039383629   3.9810712e-10
    0.0040266672   4.0738022e-10
    0.0041169515   4.1686933e-10
    0.0042092600   4.2657946e-10
    0.0043036379   4.3651577e-10
    0.0044001322   4.4668353e-10
    0.0044987900   4.5708813e-10
    0.0045996597   4.6773508e-10
    0.0047027916   4.7863003e-10
    0.0048082354   4.8977875e-10
    0.0049160435   5.0118716e-10
    0.0050262688   5.1286131e-10
    0.0051389658   5.2480739e-10
    0.0052541895   5.3703172e-10
    0.0053719967   5.4954080e-10
    0.0054924451   5.6234125e-10
    0.0056155943   5.7543986e-10
    0.0057415045   5.8884357e-10
    0.0058702379   6.0255950e-10
    0.0060018580   6.1659491e-10
    0.0061364290   6.3095725e-10
    0.0062740170   6.4565414e-10
    0.0064146905   6.6069335e-10
    0.0065585179   6.7608288e-10
    0.0067055705   6.9183087e-10
    0.0068559195   7.0794568e-10
    0.0070096403   7.2443585e-10
    0.0071668071   7.4131013e-10
    0.0073274979   7.5857746e-10
    0.0074917921   7.7624700e-10
    0.0076597696   7.9432812e-10
    0.0078315139   8.1283039e-10
    0.0080071082   8.3176365e-10
    0.0081866402   8.5113791e-10
    0.0083701974   8.7096346e-10
    0.0085578701   8.9125080e-10
    0.0087497514   9.1201070e-10
    0.0089459345   9.3325416e-10
    0.0091465162   9.5499244e-10
    0.0093515953   9.7723707e-10
    0.0095612723   9.9999985e-10
    0.0097756516   1.0232928e-09
    0.0099948365   1.0471284e-09
     0.010218937   1.0715191e-09
     0.010448061   1.0964780e-09
     0.010682323   1.1220183e-09
     0.010921838   1.1481534e-09
     0.011166723   1.1748974e-09
     0.011417097   1.2022642e-09
     0.011673086   1.2302686e-09
     0.011934815   1.2589252e-09
     0.012202413   1.2882493e-09
     0.012476010   1.3182565e-09
     0.012755741   1.3489627e-09
     0.013041745   1.3803840e-09
     0.013334161   1.4125373e-09
     0.013633134   1.4454395e-09
     0.013938810   1.4791081e-09
     0.014251340   1.5135610e-09
     0.014570877   1.5488164e-09
     0.014897578   1.5848929e-09
     0.015231607   1.6218098e-09
     0.015573123   1.6595866e-09
     0.015922297   1.6982434e-09
     0.016279299   1.7378005e-09
     0.016644306   1.7782791e-09
     0.017017497   1.8197006e-09
     0.017399056   1.8620868e-09
     0.017789170   1.9054604e-09
     0.018188031   1.9498443e-09
     0.018595835   1.9952620e-09
     0.019012783   2.0417376e-09
     0.019439079   2.0892958e-09
     0.019874934   2.1379617e-09
     0.020320561   2.1877612e-09
     0.020776179   2.2387208e-09
     0.021242013   2.2908673e-09
     0.021718293   2.3442284e-09
     0.022205250   2.3988325e-09
     0.022703128   2.4547085e-09
     0.023212167   2.5118860e-09
     0.023732619   2.5703953e-09
     0.024264742   2.6302675e-09
     0.024808796   2.6915343e-09
     0.025365047   2.7542282e-09
     0.025933770   2.8183824e-09
     0.026515247   2.8840310e-09
     0.027109761   2.9512087e-09
     0.027717603   3.0199512e-09
     0.028339075   3.0902949e-09
     0.028974481   3.1622771e-09
     0.029624134   3.2359360e-09
     0.030288354   3.3113106e-09
     0.030967467   3.3884409e-09
     0.031661805   3.4673679e-09
     0.032371711   3.5481332e-09
     0.033097535   3.6307799e-09
     0.033839636   3.7153516e-09
     0.034598373   3.8018933e-09
     0.035374120   3.8904507e-09
     0.036167264   3.9810710e-09
     0.036978193   4.0738020e-09
     0.037807301   4.1686931e-09
     0.038654998   4.2657944e-09
     0.039521705   4.3651575e-09
     0.040407840   4.4668351e-09
     0.041313849   4.5708810e-09
     0.042240169   4.6773505e-09
     0.043187261   4.7863000e-09
     0.044155587   4.8977873e-09
     0.045145623   5.0118714e-09
     0.046157859   5.1286129e-09
     0.047192790   5.2480736e-09
     0.048250925   5.3703169e-09
     0.049332786   5.4954077e-09
     0.050438903   5.6234122e-09
     0.051569823   5.7543983e-09
     0.052726097   5.8884354e-09
     0.053908300   6.0255947e-09
     0.055117007   6.1659488e-09
     0.056352817   6.3095722e-09
     0.057616334   6.4565410e-09
     0.058908183   6.6069332e-09
     0.060228996   6.7608284e-09
     0.061579425   6.9183083e-09
     0.062960133   7.0794564e-09
     0.064371794   7.2443582e-09
     0.065815113   7.4131009e-09
     0.067290790   7.5857742e-09
     0.068799555   7.7624696e-09
     0.070342146   7.9432808e-09
     0.071919329   8.1283035e-09
     0.073531874   8.3176360e-09
     0.075180568   8.5113787e-09
     0.076866232   8.7096341e-09
     0.078589693   8.9125076e-09
     0.080351800   9.1201065e-09
     0.082153410   9.3325411e-09
     0.083995417   9.5499239e-09
     0.085878730   9.7723702e-09
     0.087804265   9.9999979e-09
     0.089772969   1.0232928e-08
     0.091785818   1.0471283e-08
     0.093843803   1.0715191e-08
     0.095947921   1.0964780e-08
     0.098099224   1.1220182e-08
      0.10029876   1.1481534e-08
      0.10254762   1.1748973e-08
      0.10484689   1.2022642e-08
      0.10719772   1.2302685e-08
      0.10960127   1.2589251e-08
      0.11205870   1.2882493e-08
      0.11457123   1.3182565e-08
      0.11714009   1.3489626e-08
      0.11976656   1.3803840e-08
      0.12245191   1.4125372e-08
      0.12519747   1.4454395e-08
      0.12800460   1.4791081e-08
      0.13087465   1.5135609e-08
      0.13380906   1.5488163e-08
      0.13680927   1.5848928e-08
      0.13987675   1.6218097e-08
      0.14301300   1.6595865e-08
      0.14621958   1.6982433e-08
      0.14949805   1.7378004e-08
      0.15285002   1.7782790e-08
      0.15627716   1.8197005e-08
      0.15978113   1.8620867e-08
      0.16336368   1.9054603e-08
      0.16702655   1.9498442e-08
      0.17077154   1.9952619e-08
      0.17460050   2.0417375e-08
      0.17851532   2.0892957e-08
      0.18251790   2.1379616e-08
      0.18661024   2.1877611e-08
      0.19079433   2.2387206e-08
      0.19507223   2.2908671e-08
      0.19944605   2.3442283e-08
      0.20391795   2.3988324e-08
      0.20849010   2.4547084e-08
      0.21316478   2.5118859e-08
      0.21794425   2.5703952e-08
      0.22283091   2.6302674e-08
      0.22782712   2.6915342e-08
      0.23293535   2.7542281e-08
      0.23815812   2.8183823e-08
      0.24349800   2.8840308e-08
      0.24895760   2.9512085e-08
      0.25453961   3.0199510e-08
      0.26024678   3.0902947e-08
      0.26608193   3.1622769e-08
      0.27204788   3.2359358e-08
      0.27814761   3.3113104e-08
      0.28438413   3.3884408e-08
      0.29076046   3.4673677e-08
      0.29727975   3.5481331e-08
      0.30394521   3.6307797e-08
      0.31076014   3.7153514e-08
      0.31772786   3.8018931e-08
      0.32485181   3.8904505e-08
      0.33213550   3.9810708e-08
      0.33958247   4.0738018e-08
      0.34719643   4.1686928e-08
      0.35498112   4.2657942e-08
      0.36294034   4.3651573e-08
      0.37107801   4.4668349e-08
      0.37939817   4.5708808e-08
      0.38790485   4.6773503e-08
      0.39660227   4.7862998e-08
      0.40549472   4.8977870e-08
      0.41458651   5.0118711e-08
      0.42388219   5.1286126e-08
      0.43338627   5.2480733e-08
      0.44310346   5.3703167e-08
      0.45303851   5.4954074e-08
      0.46319634   5.6234119e-08
      0.47358191   5.7543980e-08
      0.48420033   5.8884351e-08
      0.49505684   6.0255944e-08
      0.50615680   6.1659485e-08
      0.51750559   6.3095719e-08
      0.52910888   6.4565407e-08
      0.54097229   6.6069328e-08
      0.55310172   6.7608281e-08
      0.56550312   6.9183080e-08
      0.57818252   7.0794561e-08
      0.59114629   7.2443578e-08
      0.60440063   7.4131006e-08
      0.61795223   7.5857738e-08
      0.63180768   7.7624692e-08
      0.64597374   7.9432803e-08
      0.66045749   8.1283031e-08
      0.67526591   8.3176356e-08
      0.69040644   8.5113782e-08
      0.70588636   8.7096337e-08
      0.72171342   8.9125071e-08
      0.73789531   9.1201061e-08
      0.75444007   9.3325406e-08
      0.77135575   9.5499234e-08
      0.78865069   9.7723697e-08
      0.80633342   9.9999974e-08
      0.82441264   1.0232927e-07
      0.84289724   1.0471283e-07
      0.86179626   1.0715190e-07
      0.88111901   1.0964779e-07
      0.90087503   1.1220182e-07
      0.92107397   1.1481533e-07
      0.94172585   1.1748972e-07
      0.96284074   1.2022641e-07
      0.98442906   1.2302684e-07
       1.0065014   1.2589251e-07
       1.0290687   1.2882492e-07
       1.0521420   1.3182564e-07
       1.0757326   1.3489625e-07
       1.0998521   1.3803839e-07
       1.1245124   1.4125372e-07
       1.1497257   1.4454394e-07
       1.1755042   1.4791080e-07
       1.2018608   1.5135608e-07
       1.2288083   1.5488162e-07
       1.2563599   1.5848928e-07
       1.2845293   1.6218097e-07
       1.3133304   1.6595865e-07
       1.3427773   1.6982432e-07
       1.3728843   1.7378004e-07
       1.4036664   1.7782789e-07
       1.4351386   1.8197004e-07
       1.4673165   1.8620866e-07
       1.5002159   1.9054602e-07
       1.5338529   1.9498441e-07
       1.5682441   1.9952618e-07
       1.6034064   2.0417374e-07
       1.6393571   2.0892956e-07
       1.6761138   2.1379615e-07
       1.7136948   2.1877610e-07
       1.7521182   2.2387205e-07
       1.7914033   2.2908670e-07
       1.8315691   2.3442282e-07
       1.8726355   2.3988323e-07
       1.9146227   2.4547082e-07
       1.9575512   2.5118857e-07
       2.0014424   2.5703951e-07
       2.0463176   2.6302673e-07
       2.0921988   2.6915341e-07
       2.1391089   2.7542279e-07
       2.1870708   2.8183821e-07
       2.2361081   2.8840307e-07
       2.2862446   2.9512084e-07
       2.3375053   3.0199509e-07
       2.3899155   3.0902946e-07
       2.4435008   3.1622768e-07
       2.4982874   3.2359357e-07
       2.5543025   3.3113103e-07
       2.6115735   3.3884406e-07
       2.6701286   3.4673675e-07
       2.7299964   3.5481329e-07
       2.7912068   3.6307795e-07
       2.8537896   3.7153512e-07
       2.9177754   3.8018929e-07
       2.9831958   3.8904503e-07
       3.0500832   3.9810706e-07
       3.1184700   4.0738016e-07
       3.1883903   4.1686926e-07
       3.2598782   4.2657940e-07
       3.3329690   4.3651571e-07
       3.4076986   4.4668346e-07
       3.4841037   4.5708806e-07
       3.5622218   4.6773500e-07
       3.6420915   4.7862995e-07
       3.7237520   4.8977868e-07
       3.8072433   5.0118709e-07
       3.8926065   5.1286123e-07
       3.9798837   5.2480731e-07
       4.0691180   5.3703164e-07
       4.1603527   5.4954071e-07
       4.2536330   5.6234116e-07
       4.3490047   5.7543977e-07
       4.4465146   5.8884348e-07
       4.5462112   6.0255941e-07
       4.6481428   6.1659482e-07
       4.7523599   6.3095716e-07
       4.8589134   6.4565404e-07
       4.9678564   6.6069325e-07
       5.0792418   6.7608277e-07
       5.1931243   6.9183076e-07
       5.3095603   7.0794557e-07
       5.4286065   7.2443574e-07
       5.5503225   7.4131002e-07
       5.6747670   7.5857735e-07
       5.8020020   7.7624688e-07
       5.9320893   7.9432799e-07
       6.0650935   8.1283027e-07
       6.2010794   8.3176352e-07
       6.3401146   8.5113778e-07
       6.4822669   8.7096332e-07
       6.6276064   8.9125067e-07
       6.7762046   9.1201056e-07
       6.9281340   9.3325401e-07
       7.0834699   9.5499229e-07
       7.2422886   9.7723692e-07
       7.4046683   9.9999969e-07
       7.5706887   1.0232927e-06
       7.7404308   1.0471282e-06
       7.9139791   1.0715190e-06
       8.0914183   1.0964779e-06
       8.2728357   1.1220181e-06
       8.4583206   1.1481533e-06
       8.6479635   1.1748972e-06
       8.8418589   1.2022641e-06
       9.0401011   1.2302684e-06
       9.2427883   1.2589250e-06
       9.4500198   1.2882491e-06
       9.6618977   1.3182563e-06
       9.8785248   1.3489625e-06
       10.100010   1.3803838e-06
       10.326460   1.4125371e-06
       10.557987   1.4454393e-06
       10.794705   1.4791079e-06
       11.036731   1.5135608e-06
       11.284183   1.5488161e-06
       11.537182   1.5848927e-06
       11.795854   1.6218096e-06
       12.060325   1.6595864e-06
       12.330725   1.6982431e-06
       12.607187   1.7378003e-06
       12.889848   1.7782788e-06
       13.178845   1.8197003e-06
       13.474323   1.8620865e-06
       13.776424   1.9054601e-06
       14.085299   1.9498440e-06
       14.401098   1.9952617e-06
       14.723977   2.0417373e-06
       15.054095   2.0892955e-06
       15.391615   2.1379614e-06
       15.736700   2.1877609e-06
       16.089523   2.2387204e-06
       16.450254   2.2908669e-06
       16.819075   2.3442280e-06
       17.196163   2.3988321e-06
       17.581705   2.4547081e-06
       17.975891   2.5118856e-06
       18.378914   2.5703949e-06
       18.790972   2.6302671e-06
       19.212267   2.6915339e-06
       19.643007   2.7542278e-06
       20.083405   2.8183820e-06
       20.533674   2.8840305e-06
       20.994040   2.9512082e-06
       21.464724   3.0199507e-06
       21.945961   3.0902944e-06
       22.437986   3.1622766e-06
       22.941042   3.2359355e-06
       23.455376   3.3113101e-06
       23.981239   3.3884404e-06
       24.518890   3.4673673e-06
       25.068596   3.5481327e-06
       25.630623   3.6307793e-06
       26.205252   3.7153510e-06
       26.792759   3.8018927e-06
       27.393438   3.8904501e-06
       28.007584   3.9810704e-06
       28.635496   4.0738014e-06
       29.277485   4.1686924e-06
       29.933865   4.2657937e-06
       30.604958   4.3651568e-06
       31.291096   4.4668344e-06
       31.992613   4.5708803e-06
       32.709858   4.6773498e-06
       33.443180   4.7862993e-06
       34.192940   4.8977865e-06
       34.959507   5.0118706e-06
       35.743256   5.1286121e-06
       36.544575   5.2480728e-06
       37.363853   5.3703161e-06
       38.201500   5.4954068e-06
       39.057922   5.6234113e-06
       39.933540   5.7543974e-06
       40.828785   5.8884345e-06
       41.744099   6.0255938e-06
       42.679928   6.1659479e-06
       43.636734   6.3095712e-06
       44.614986   6.4565400e-06
       45.615166   6.6069322e-06
       46.637760   6.7608274e-06
       47.683277   6.9183073e-06
       48.752232   7.0794553e-06
       49.845142   7.2443570e-06
       50.962547   7.4130998e-06
       52.105000   7.5857731e-06
       53.273056   7.7624684e-06
       54.467293   7.9432795e-06
       55.688297   8.1283023e-06
       56.936665   8.3176347e-06
       58.213013   8.5113773e-06
       59.517967   8.7096328e-06
       60.852165   8.9125062e-06
       62.216267   9.1201051e-06
       63.610939   9.3325397e-06
       65.036865   9.5499224e-06
       66.494751   9.7723687e-06
       67.985313   9.9999964e-06
       69.509270   1.0232926e-05
       71.067383   1.0471282e-05
       72.660416   1.0715189e-05
       74.289146   1.0964778e-05
       75.954376   1.1220180e-05
       77.656921   1.1481532e-05
       79.397621   1.1748971e-05
       81.177322   1.2022640e-05
       82.996902   1.2302683e-05
       84.857262   1.2589250e-05
       86.759300   1.2882491e-05
       88.703964   1.3182563e-05
       90.692200   1.3489624e-05
       92.724983   1.3803838e-05
       94.803314   1.4125370e-05
       96.928215   1.4454392e-05
       99.100716   1.4791078e-05
       101.32190   1.5135607e-05
       103.59285   1.5488160e-05
       105.91467   1.5848926e-05
       108.28852   1.6218095e-05
       110.71555   1.6595863e-05
       113.19695   1.6982430e-05
       115.73393   1.7378002e-05
       118.32775   1.7782787e-05
       120.97968   1.8197002e-05
       123.69102   1.8620864e-05
       126.46309   1.9054600e-05
       129.29726   1.9498439e-05
       132.19490   1.9952616e-05
       135.15746   2.0417372e-05
       138.18637   2.0892953e-05
       141.28313   2.1379613e-05
       144.44923   2.1877608e-05
       147.68626   2.2387203e-05
       150.99579   2.2908668e-05
       154.37943   2.3442279e-05
       157.83885   2.3988320e-05
       161.37575   2.4547080e-05
       164.99185   2.5118855e-05
       168.68892   2.5703948e-05
       172.46878   2.6302670e-05
       176.33328   2.6915338e-05
       180.28432   2.7542276e-05
       184.32382   2.8183819e-05
       188.45377   2.8840304e-05
       192.67616   2.9512081e-05
       196.99310   3.0199506e-05
       201.40669   3.0902942e-05
       205.91908   3.1622764e-05
       210.53250   3.2359353e-05
       215.24918   3.3113099e-05
       220.07144   3.3884402e-05
       225.00163   3.4673672e-05
       230.04218   3.5481325e-05
       235.19554   3.6307791e-05
       240.46423   3.7153508e-05
       245.85085   3.8018925e-05
       251.35800   3.8904499e-05
       256.98837   3.9810701e-05
       262.74475   4.0738012e-05
       268.62994   4.1686922e-05
       274.64679   4.2657935e-05
       280.79828   4.3651566e-05
       287.08737   4.4668342e-05
       293.51715   4.5708801e-05
       300.09079   4.6773496e-05
       306.81143   4.7862990e-05
       313.68243   4.8977863e-05
       320.70709   5.0118704e-05
       327.88885   5.1286118e-05
       335.23123   5.2480725e-05
       342.73779   5.3703158e-05
       350.41220   5.4954065e-05
       358.25821   5.6234110e-05
       366.27963   5.7543971e-05
       374.48038   5.8884342e-05
       382.86444   6.0255934e-05
       391.43594   6.1659475e-05
       400.19901   6.3095709e-05
       409.15790   6.4565397e-05
       418.31702   6.6069318e-05
       427.68082   6.7608270e-05
       437.25381   6.9183069e-05
       447.04071   7.0794550e-05
       457.04626   7.2443567e-05
       467.27530   7.4130994e-05
       477.73285   7.5857727e-05
       488.42392   7.7624680e-05
       499.35379   7.9432791e-05
       510.52768   8.1283019e-05
       521.95111   8.3176343e-05
       533.62952   8.5113769e-05
       545.56866   8.7096323e-05
       557.77429   8.9125057e-05
       570.25232   9.1201047e-05
       583.00879   9.3325392e-05
       596.04993   9.5499219e-05
       609.38202   9.7723682e-05
       623.01154   9.9999959e-05
       636.94507   0.00010232926
       651.18933   0.00010471281
       665.75122   0.00010715189
       680.63782   0.00010964777
       695.85626   0.00011220180
       711.41394   0.00011481531
       727.31836   0.00011748971
       743.57721   0.00012022639
       760.19830   0.00012302683
       777.18964   0.00012589249
       794.55945   0.00012882490
       812.31610   0.00013182562
       830.46808   0.00013489623
       849.02417   0.00013803837
       867.99329   0.00014125370
       887.38458   0.00014454392
       907.20728   0.00014791078
       927.47101   0.00015135606
       948.18536   0.00015488160
       969.36041   0.00015848925
       991.05811   0.00016218094
       1013.2755   0.00016595862
       1035.8983   0.00016982429
       1059.0323   0.00017378001
       1082.8497   0.00017782787
       1107.0966   0.00018197001
       1131.8546   0.00018620863
       1157.1080   0.00019054599
       1182.9628   0.00019498438
       1209.4064   0.00019952615
       1236.5031   0.00020417371
       1264.1621   0.00020892952
       1292.4031   0.00021379612
       1321.3274   0.00021877607
       1350.8296   0.00022387202
       1380.9921   0.00022908667
       1411.8425   0.00023442278
       1443.4089   0.00023988319
       1475.6766   0.00024547079
       1508.5854   0.00025118853
       1542.2845   0.00025703947
       1576.7500   0.00026302669
       1611.9119   0.00026915336
       1647.9041   0.00027542275
       1684.6948   0.00028183817
       1722.2421   0.00028840302
       1760.7069   0.00029512079
       1799.8859   0.00030199504
       1840.0769   0.00030902941
       1881.0719   0.00031622763
       1922.9846   0.00032359352
       1965.8026   0.00033113098
       2009.6022   0.00033884401
       2054.3533   0.00034673670
       2100.0566   0.00035481323
       2146.7651   0.00036307789
       2194.4604   0.00037153507
       2243.2463   0.00038018923
       2293.1580   0.00038904497
       2344.0605   0.00039810699
       2396.1174   0.00040738010
       2449.2703   0.00041686920
       2503.5957   0.00042657933
       2559.1758   0.00043651564
       2615.9062   0.00044668339
       2673.8638   0.00045708799
       2733.0735   0.00046773493
       2793.5227   0.00047862988
       2855.2915   0.00048977860
       2918.4062   0.00050118701
       2982.8989   0.00051286115
       3048.8042   0.00052480722
       3116.0879   0.00053703156
       3184.7908   0.00054954063
       3255.0078   0.00056234107
       3326.6912   0.00057543968
       3399.8555   0.00058884339
       3474.6968   0.00060255931
       3551.0618   0.00061659472
       3628.9812   0.00063095706
       3708.6533   0.00064565394
       3789.9460   0.00066069315
       3872.8979   0.00067608267
       3957.6826   0.00069183066
       4044.2441   0.00070794546
       4132.5845   0.00072443563
       4222.7070   0.00074130990
       4314.8491   0.00075857723
       4408.7349   0.00077624676
       4504.6396   0.00079432787
       4602.5513   0.00081283014
       4702.4897   0.00083176339
       4804.4839   0.00085113765
       4908.4575   0.00087096319
       5014.5933   0.00089125053
       5122.8975   0.00091201042
       5233.4043   0.00093325387
       5346.1069   0.00095499214
       5461.1606   0.00097723677
       5578.4287   0.00099999954
       5697.9160    0.0010232925
       5820.1025    0.0010471281
       5944.4375    0.0010715188
       6071.4224    0.0010964777
       6200.6411    0.0011220179
       6332.6880    0.0011481531
       6466.9751    0.0011748970
       6604.3682    0.0012022639
       6743.8638    0.0012302682
       6885.9590    0.0012589248
       7031.1333    0.0012882489
       7179.1904    0.0013182561
       7329.5122    0.0013489622
       7482.9639    0.0013803836
       7639.4136    0.0014125369
       7798.5352    0.0014454391
       7960.3994    0.0014791077
       8125.7314    0.0015135605
       8293.6475    0.0015488159
       8464.6152    0.0015848924
       8638.6357    0.0016218093
       8815.6924    0.0016595861
       8996.0107    0.0016982428
       9179.3389    0.0017378000
       9366.2217    0.0017782786
       9555.8955    0.0018197000
       9748.8965    0.0018620862
       9945.1699    0.0019054598
       10144.535    0.0019498437
       10346.641    0.0019952614
       10553.348    0.0020417370
       10762.711    0.0020892951
       10975.495    0.0021379611
       11191.447    0.0021877606
       11410.595    0.0022387201
       11633.370    0.0022908665
       11859.550    0.0023442277
       12088.485    0.0023988318
       12321.850    0.0024547077
       12558.291    0.0025118852
       12797.269    0.0025703945
       13039.991    0.0026302667
       13285.927    0.0026915335
       13536.228    0.0027542274
       13789.215    0.0028183816
       14044.884    0.0028840301
       14304.143    0.0029512078
       14566.732    0.0030199502
       14832.566    0.0030902939
       15101.813    0.0031622761
       15373.164    0.0032359350
       15648.307    0.0033113096
       15926.906    0.0033884399
       16207.226    0.0034673668
       16491.344    0.0035481321
       16778.109    0.0036307788
       17067.418    0.0037153505
       17359.494    0.0038018921
       17654.379    0.0038904495
       17951.516    0.0039810697
       18250.629    0.0040738008
       18552.867    0.0041686918
       18856.293    0.0042657931
       19161.826    0.0043651562
       19470.195    0.0044668337
       19778.869    0.0045708796
       20090.293    0.0046773491
       20403.467    0.0047862985
       20717.121    0.0048977858
       21032.221    0.0050118698
       21348.410    0.0051286113
       21665.232    0.0052480720
       21982.918    0.0053703153
       22300.703    0.0054954060
       22618.477    0.0056234104
       22936.260    0.0057543965
       23254.109    0.0058884336
       23570.842    0.0060255928
       23887.379    0.0061659469
       24202.559    0.0063095703
       24516.482    0.0064565390
       24829.295    0.0066069311
       25140.033    0.0067608263
       25447.791    0.0069183062
       25754.113    0.0070794543
       26056.879    0.0072443559
       26356.527    0.0074130986
       26652.686    0.0075857719
       26945.846    0.0077624672
       27234.111    0.0079432783
       27516.887    0.0081283010
       27795.580    0.0083176335
       28067.832    0.0085113760
       28334.910    0.0087096314
       28595.771    0.0089125048
       28849.078    0.0091201037
       29095.947    0.0093325382
       29334.105    0.0095499210
       29565.211    0.0097723672
       29787.477    0.0099999949
       30001.230     0.010232925
       30204.627     0.010471280
       30399.141     0.010715188
       30582.850     0.010964776
       30756.078     0.011220179
       30917.941     0.011481530
       31066.676     0.011748969
       31201.777     0.012022638
       31322.510     0.012302681
       31428.084     0.012589248
       31517.779     0.012882489
       31590.289     0.013182561
       31646.852     0.013489622
       31686.801     0.013803835
       31711.719     0.014125368
       31720.451     0.014454390
       31715.020     0.014791076
       31696.416     0.015135605
       31663.617     0.015488158
       31617.805     0.015848924
       31559.289     0.016218092
       31486.393     0.016595860
       31396.414     0.016982428
       31288.428     0.017377999
       31159.031     0.017782785
       31008.396     0.018196999
       30833.236     0.018620862
       30631.535     0.019054597
       30402.480     0.019498436
       30145.592     0.019952613
       29861.121     0.020417369
       29553.369     0.020892950
       29222.918     0.021379610
       28870.963     0.021877605
       28499.389     0.022387199
       28110.242     0.022908664
       27705.799     0.023442276
       27287.449     0.023988316
       26855.951     0.024547076
       26415.643     0.025118851
       25964.428     0.025703944
       25506.865     0.026302666
       25044.654     0.026915334
       24577.510     0.027542272
       24108.596     0.028183814
       23638.148     0.028840300
       23168.180     0.029512076
       22697.102     0.030199501
       22225.250     0.030902938
       21753.641     0.031622760
       21280.600     0.032359348
       20805.137     0.033113094
       20329.207     0.033884397
       19850.480     0.034673666
       19370.139     0.035481320
       18890.848     0.036307786
       18414.195     0.037153503
       17947.307     0.038018919
       17492.922     0.038904493
       17054.742     0.039810695
       16635.531     0.040738006
       16238.794     0.041686916
       15866.933     0.042657929
       15521.824     0.043651559
       15203.107     0.044668335
       14905.438     0.045708794
       14628.825     0.046773488
       14369.717     0.047862983
       14124.926     0.048977855
       13893.444     0.050118696
       13670.980     0.051286110
       13457.251     0.052480717
       13249.821     0.053703150
       13045.491     0.054954057
       12842.099     0.056234101
       12636.186     0.057543962
       12426.136     0.058884333
       12208.528     0.060255925
       11982.023     0.061659466
       11745.282     0.063095699
       11495.630     0.064565387
       11232.010     0.066069308
       10953.147     0.067608260
       10659.709     0.069183058
       10351.694     0.070794539
       10027.978     0.072443556
       9688.8594     0.074130983
       9335.5273     0.075857715
       8968.9307     0.077624668
       8590.0283     0.079432779
       8205.6807     0.081283006
       7825.3716     0.083176330
       7457.5952     0.085113756
       7109.7480     0.087096310
       6787.4849     0.089125044
       6495.1660     0.091201032
       6236.6172     0.093325377
       6014.4248     0.095499205
       5829.7622     0.097723667
       5676.5210     0.099999943
       5545.6602      0.10232924
       5428.6006      0.10471280
       5318.1836      0.10715187
       5207.5498      0.10964776
       5090.9932      0.11220178
       4962.2090      0.11481530
       4816.5083      0.11748969
       4652.8564      0.12022637
       4475.9443      0.12302681
       4291.5708      0.12589247
       4106.0889      0.12882488
       3923.4165      0.13182560
       3747.5269      0.13489621
       3581.7197      0.13803835
       3428.5110      0.14125367
       3289.8154      0.14454389
       3164.9307      0.14791075
       3050.6953      0.15135604
       2944.2961      0.15488157
       2843.3799      0.15848923
       2745.6843      0.16218092
       2649.0393      0.16595859
       2552.2778      0.16982427
       2453.3494      0.17377998
       2351.9031      0.17782784
       2249.0630      0.18196998
       2146.4224      0.18620861
       2045.5966      0.19054596
       1948.1255      0.19498435
       1855.1492      0.19952612
       1767.2714      0.20417368
       1685.1427      0.20892949
       1609.6082      0.21379608
       1540.3359      0.21877603
       1476.8269      0.22387198
       1417.7047      0.22908663
       1362.1691      0.23442274
       1309.5665      0.23988315
       1258.9882      0.24547075
       1210.0568      0.25118850
       1162.2703      0.25703943
       1115.1921      0.26302664
       1068.5931      0.26915332
       1022.7619      0.27542271
       978.01343      0.28183813
       934.36035      0.28840298
       892.06622      0.29512075
       851.25348      0.30199499
       811.94373      0.30902936
       774.28259      0.31622758
       738.24933      0.32359347
       703.87201      0.33113093
       671.01984      0.33884396
       639.69116      0.34673664
       609.80322      0.35481318
       581.22430      0.36307784
       554.00433      0.37153501
       527.97552      0.38018917
       503.17264      0.38904491
       479.49829      0.39810693
       456.91437      0.40738003
       435.34167      0.41686913
       414.74716      0.42657926
       395.06583      0.43651557
       376.26907      0.44668332
       358.29453      0.45708792
       341.13312      0.46773486
       324.70789      0.47862980
       309.03149      0.48977852
       294.05197      0.50118693
       279.72183      0.51286107
       266.05823      0.52480714
       253.01904      0.53703147
       240.58078      0.54954054
       228.72202      0.56234099
       217.42339      0.57543959
       206.65469      0.58884330
       196.39667      0.60255922
       186.62021      0.61659463
       177.31500      0.63095696
       168.44940      0.64565384
       160.01207      0.66069305
       151.97449      0.67608256
       144.32253      0.69183055
       137.03879      0.70794535
       130.10100      0.72443552
       123.49857      0.74130979
       117.21373      0.75857711
       111.24130      0.77624664
       105.55939      0.79432775
       100.15446      0.81283002
       95.013657      0.83176326
       90.125198      0.85113752
       85.480774      0.87096305
       81.067581      0.89125039
       76.874245      0.91201028
       72.889496      0.93325373
       69.100441      0.95499200
       65.501328      0.97723662
       62.084686      0.99999938
       58.840805       1.0232924
       55.760509       1.0471279
       52.832809       1.0715186
       50.060028       1.0964775
       47.421619       1.1220178
       44.916527       1.1481529
       42.544945       1.1748968
       40.291943       1.2022637
       38.160442       1.2302680
       36.133335       1.2589246
       34.207344       1.2882487
       32.383064       1.3182559
       30.656164       1.3489620
       29.015331       1.3803834
       27.461088       1.4125367
       25.985487       1.4454389
       24.591230       1.4791075
       23.266073       1.5135603
       22.011385       1.5488156
       20.822783       1.5848922
       19.697573       1.6218091
       18.630814       1.6595859
       17.621935       1.6982426
       16.664181       1.7377997
       15.756947       1.7782783
       14.898344       1.8196997
       14.085679       1.8620860
       13.316203       1.9054595
       12.587885       1.9498434
       11.897799       1.9952611
       11.245938       2.0417367
       10.627912       2.0892948
       10.042741       2.1379607
       9.4895067       2.1877602
       8.9663801       2.2387197
       8.4715309       2.2908662
       8.0029650       2.3442273
       7.5602407       2.3988314
       7.1411486       2.4547074
       6.7447419       2.5118848
       6.3699083       2.5703941
       6.0156775       2.6302663
       5.6808896       2.6915331
       5.3642511       2.7542269
       5.0645347       2.8183811
       4.7815504       2.8840297
       4.5140853       2.9512073
       4.2611036       3.0199498
       4.0222526       3.0902934
       3.7964859       3.1622756
       3.5830805       3.2359345
       3.3814228       3.3113091
       3.1909244       3.3884394
       3.0111473       3.4673663
       2.8411644       3.5481316
       2.6808248       3.6307782
       2.5290458       3.7153499
       2.3858938       3.8018915
       2.2505929       3.8904489
       2.1229370       3.9810691
       2.0024359       4.0738001
       1.8887330       4.1686911
       1.7813213       4.2657924
       1.6797922       4.3651555
       1.5840102       4.4668330
       1.4935969       4.5708789
       1.4083400       4.6773484
       1.3278360       4.7862978
       1.2519040       4.8977850
       1.1802489       5.0118691
       1.1125569       5.1286105
       1.0487366       5.2480712
      0.98849499       5.3703144
      0.93169093       5.4954051
      0.87811244       5.6234096
      0.82758147       5.7543956
      0.77990109       5.8884327
      0.73490214       6.0255919
      0.69249165       6.1659460
      0.65250218       6.3095693
      0.61478788       6.4565380
      0.57923144       6.6069301
      0.54569829       6.7608253
      0.51407218       6.9183051
      0.48424247       7.0794532
      0.45613769       7.2443548
      0.42965883       7.4130975
      0.40469494       7.5857707
      0.38117030       7.7624660
      0.35896325       7.9432771
      0.33805144       8.1282998
      0.31833905       8.3176322
      0.29976311       8.5113747
      0.28226638       8.7096301
      0.26579288       8.9125034
      0.25024772       9.1201023
      0.23560362       9.3325368
      0.22180597       9.5499195
      0.20881112       9.7723657
      0.19656703       9.9999933
      0.18502049       10.232923
      0.17418441       10.471278
      0.16396061       10.715186
      0.15431079       10.964775
      0.14522390       11.220177
      0.13667226       11.481528
      0.12861396       11.748968
      0.12104298       12.022636
      0.11391871       12.302679
      0.10718588       12.589246
      0.10085686       12.882487
     0.094888322       13.182558
     0.089277901       13.489620
     0.084001429       13.803833
     0.079029009       14.125366
     0.074350901       14.454388
     0.069945849       14.791074
     0.065792687       15.135602
     0.061888997       15.488156
     0.058211591       15.848921
     0.054752145       16.218090
     0.051500767       16.595858
     0.048440784       16.982425
     0.045555465       17.377996
     0.042840589       17.782782
     0.040290199       18.196996
     0.037886985       18.620859
     0.035625849       19.054594
     0.033500977       19.498433
     0.031501357       19.952609
     0.029616315       20.417365
     0.027846390       20.892947
     0.026182663       21.379606
     0.024616767       21.877601
     0.023141133       22.387196
     0.021754369       22.908661
     0.020449813       23.442272
     0.019222982       23.988313
     0.018070081       24.547072
     0.016985761       25.118847
     0.015966192       25.703940
     0.015005976       26.302662
     0.014104074       26.915329
     0.013254824       27.542268
     0.012456171       28.183810
     0.011706837       28.840295
     0.011001220       29.512072
     0.010337901       30.199496
    0.0097145094       30.902933
    0.0091282092       31.622755
    0.0085767480       32.359343
    0.0080585992       33.113089
    0.0075712767       33.884392
    0.0071134125       34.673661
    0.0066832118       35.481314
    0.0062787677       36.307780
    0.0058980095       37.153497
    0.0055407849       38.018913
    0.0052049579       38.904487
    0.0048890766       39.810689
    0.0045924778       40.737999
    0.0043136920       41.686909
    0.0040515237       42.657922
    0.0038050308       43.651553
    0.0035736181       44.668328
    0.0033562125       45.708787
    0.0031518741       46.773481
    0.0029599641       47.862976
    0.0027794957       48.977847
    0.0026099754       50.118688
    0.0024507397       51.286102
    0.0023010499       52.480709
    0.0021604861       53.703142
    0.0020285125       54.954049
    0.0019045306       56.234093
    0.0017883839       57.543953
    0.0016792588       58.884324
    0.0015767545       60.255916
    0.0014804718       61.659456
    0.0013900356       63.095690
    0.0013050929       64.565377
    0.0012253125       66.069298
    0.0011503821       67.608249
    0.0010800090       69.183048
    0.0010139176       70.794528
   0.00095184904       72.443544
   0.00089355989       74.130971
   0.00083882135       75.857703
   0.00078741839       77.624656
   0.00073914905       79.432767
   0.00069382339       81.282993
   0.00065126282       83.176318
   0.00061129977       85.113743
   0.00057377649       87.096297
   0.00053854496       89.125030
   0.00050546590       91.201018
   0.00047440865       93.325363
   0.00044525022       95.499190
   0.00041787521       97.723652
   0.00039217513       99.999928
   0.00036804803       102.32923
   0.00034539815       104.71278
   0.00032413556       107.15185
   0.00030417569       109.64774
   0.00028543919       112.20176
   0.00026785143       114.81528
   0.00025134237       117.48967
   0.00023584618       120.22636
   0.00022130103       123.02679
   0.00020764886       125.89245
   0.00019483510       128.82486
   0.00018280854       131.82558
   0.00017152105       134.89619
   0.00016092743       138.03833
   0.00015098524       141.25365
   0.00014165463       144.54387
   0.00013289813       147.91073
   0.00012468061       151.35601
   0.00011696903       154.88155
   0.00010973240       158.48920
   0.00010294160       162.18089
   9.6569303e-05       165.95857
   9.0589820e-05       169.82424
   8.4979059e-05       173.77996
   7.9714380e-05       177.82781
   7.4774536e-05       181.96995
   7.0139577e-05       186.20858
   6.5790759e-05       190.54593
   6.1710503e-05       194.98432
   5.7882295e-05       199.52608
   5.4290635e-05       204.17364
   5.0920968e-05       208.92946
   4.7759633e-05       213.79605
   4.4793804e-05       218.77600
   4.2011445e-05       223.87195
   3.9401250e-05       229.08660
   3.6952613e-05       234.42271
   3.4655575e-05       239.88311
   3.2500790e-05       245.47071
   3.0479487e-05       251.18846
   2.8583425e-05       257.03939
   2.6804881e-05       263.02660
   2.5136598e-05       269.15328
   2.3571769e-05       275.42267
   2.2104003e-05       281.83808
   2.0727302e-05       288.40294
   1.9436044e-05       295.12070
   1.8224941e-05       301.99495
   1.7089036e-05       309.02931
   1.6023683e-05       316.22753
   1.5024514e-05       323.59342
   1.4087434e-05       331.13087
   1.3208597e-05       338.84390
   1.2384399e-05       346.73659
   1.1611455e-05       354.81312
   1.0886590e-05       363.07778
   1.0206823e-05       371.53495
   9.5693604e-06       380.18911
   8.9715768e-06       389.04485
   8.4110134e-06       398.10687
   7.8853600e-06       407.37997
   7.3924507e-06       416.86907
   6.9302528e-06       426.57920
   6.4968599e-06       436.51550
   6.0904827e-06       446.68326
   5.7094435e-06       457.08784
   5.3521676e-06       467.73479
   5.0171780e-06       478.62973
   4.7030899e-06       489.77845
   4.4086028e-06       501.18685
   4.1324984e-06       512.86100
   3.8736330e-06       524.80706
   3.6309332e-06       537.03139
   3.4033933e-06       549.54046
   3.1900695e-06       562.34090
   2.9900766e-06       575.43950
   2.8025840e-06       588.84321
   2.6268133e-06       602.55913
   2.4620335e-06       616.59453
   2.3075602e-06       630.95686
   2.1627504e-06       645.65374
   2.0270015e-06       660.69294
   1.8997486e-06       676.08246
   1.7804614e-06       691.83044
   1.6686429e-06       707.94524
   1.5638269e-06       724.43541
   1.4655762e-06       741.30967
   1.3734810e-06       758.57699
   1.2871568e-06       776.24652
   1.2062429e-06       794.32763
   1.1304013e-06       812.82989
   1.0593151e-06       831.76313
   9.9268698e-07       851.13738
   9.3023812e-07       870.96292
   8.7170713e-07       891.25025
   8.1684902e-07       912.01014
   7.6543398e-07       933.25358
   7.1724651e-07       954.99185
   6.7208458e-07       977.23647
   6.2975874e-07       999.99923
   5.9009147e-07       1023.2922
   5.5291628e-07       1047.1277
   5.1807694e-07       1071.5185
   4.8542717e-07       1096.4773
   4.5482969e-07       1122.0176
   4.2615591e-07       1148.1527
   3.9928520e-07       1174.8966
   3.7410447e-07       1202.2635
   3.5050778e-07       1230.2678
   3.2839569e-07       1258.9244
   3.0767507e-07       1288.2485
   2.8825863e-07       1318.2557
   2.7006445e-07       1348.9618
   2.5301583e-07       1380.3832
   2.3704081e-07       1412.5364
   2.2207198e-07       1445.4386
   2.0804610e-07       1479.1072
   1.9490398e-07       1513.5601
   1.8259001e-07       1548.8154
   1.7105221e-07       1584.8920
   1.6024173e-07       1621.8088
   1.5011285e-07       1659.5856
   1.4062273e-07       1698.2423
   1.3173116e-07       1737.7995
   1.2340050e-07       1778.2780
   1.1559544e-07       1819.6994
   1.0828292e-07       1862.0857
   1.0143192e-07       1905.4592
   9.5013391e-08       1949.8431
   8.9000096e-08       1995.2607
   8.3366523e-08       2041.7363
   7.8088739e-08       2089.2945
   7.3144335e-08       2137.9604
   6.8512300e-08       2187.7599
   6.4172951e-08       2238.7194
   6.0107830e-08       2290.8658
   5.6299662e-08       2344.2270
   5.2732233e-08       2398.8310
   4.9390362e-08       2454.7070
   4.6259821e-08       2511.8844
   4.3327276e-08       2570.3937
   4.0580236e-08       2630.2659
   3.8006995e-08       2691.5327
   3.5596575e-08       2754.2265
   3.3338704e-08       2818.3807
   3.1223749e-08       2884.0292
   2.9242679e-08       2951.2069
   2.7387042e-08       3019.9493
   2.5648914e-08       3090.2930
   2.4020869e-08       3162.2751
   2.2495948e-08       3235.9340
   2.1067638e-08       3311.3086
   1.9729828e-08       3388.4389
   1.8476799e-08       3467.3657
   1.7303188e-08       3548.1311
   1.6203973e-08       3630.7776
   1.5174447e-08       3715.3493
   1.4210203e-08       3801.8909
   1.3307108e-08       3890.4483
   1.2461295e-08       3981.0685
   1.1669138e-08       4073.7995
   1.0927238e-08       4168.6905
   1.0232415e-08       4265.7918
   9.5816874e-09       4365.1548
   8.9722638e-09       4466.8323
   8.4015257e-09       4570.8782
   7.8670244e-09       4677.3476
   7.3664630e-09       4786.2971
   6.8976909e-09       4897.7842
   6.4586936e-09       5011.8683
   6.0475829e-09       5128.6097
   5.6625917e-09       5248.0704
   5.3020637e-09       5370.3136
   4.9644471e-09       5495.4043
   4.6482893e-09       5623.4087
   4.3522284e-09       5754.3947
   4.0749901e-09       5888.4318
   3.8153800e-09       6025.5910
   3.5722791e-09       6165.9450
   3.3446397e-09       6309.5683
   3.1314802e-09       6456.5370
   2.9318814e-09       6606.9291
   2.7449822e-09       6760.8242
   2.5699762e-09       6918.3041
   2.4061082e-09       7079.4521
   2.2526703e-09       7244.3537
   2.1089999e-09       7413.0964
   1.9744766e-09       7585.7696
   1.8485191e-09       7762.4648
   1.7305828e-09       7943.2758
   1.6201580e-09       8128.2985
   1.5167670e-09       8317.6309
   1.4199627e-09       8511.3734
   1.3293263e-09       8709.6288
   1.2444653e-09       8912.5021
   1.1650126e-09       9120.1009
   1.0906240e-09       9332.5353
   1.0209774e-09       9549.9180
   9.5577091e-10       9772.3642
   8.9472207e-10       9999.9918
   8.3756618e-10       10232.921
   7.8405554e-10       10471.277
   7.3395795e-10       10715.184
   6.8705619e-10       10964.773
   6.4314665e-10       11220.175
   6.0203886e-10       11481.527
   5.6355431e-10       11748.966
   5.2752591e-10       12022.634
   4.9379711e-10       12302.678
   4.6222143e-10       12589.244
   4.3266166e-10       12882.485
   4.0498929e-10       13182.556
   3.7908404e-10       13489.618
   3.5483322e-10       13803.831
   3.3213135e-10       14125.364
   3.1087968e-10       14454.386
   2.9098571e-10       14791.072
   2.7236285e-10       15135.600
   2.5492999e-10       15488.153
   2.3861124e-10       15848.919
   2.2333553e-10       16218.087
   2.0903626e-10       16595.855
   1.9565113e-10       16982.422
   1.8312181e-10       17377.994
   1.7139364e-10       17782.779
   1.6041550e-10       18196.993
   1.5013948e-10       18620.856
   1.4052076e-10       19054.591
   1.3151735e-10       19498.430
   1.2308997e-10       19952.606
   1.1520180e-10       20417.362
   1.0781841e-10       20892.944
   1.0090754e-10       21379.603
   9.4438998e-11       21877.598
   8.8384515e-11       22387.193
   8.2717624e-11       22908.657
   7.7413562e-11       23442.268
   7.2449123e-11       23988.309
   6.7802597e-11       24547.068
   6.3453652e-11       25118.843
   5.9383262e-11       25703.936
   5.5573612e-11       26302.658
   5.2008026e-11       26915.325
   4.8670887e-11       27542.264
   4.5547580e-11       28183.805
   4.2624428e-11       28840.291
   3.9888617e-11       29512.067
   3.7328165e-11       30199.492
   3.4931842e-11       30902.928
   3.2689143e-11       31622.750
   3.0590239e-11       32359.338
   2.8625916e-11       33113.084
   2.6787562e-11       33884.387
   2.5067108e-11       34673.656
   2.3457005e-11       35481.309
   2.1950185e-11       36307.775
   2.0540030e-11       37153.491
   1.9220349e-11       38018.907
   1.7985344e-11       38904.481
   1.6829592e-11       39810.683
   1.5748012e-11       40737.993
   1.4735851e-11       41686.903
   1.3788660e-11       42657.915
   1.2902274e-11       43651.546
   1.2072794e-11       44668.321
   1.1296574e-11       45708.780
   1.0570197e-11       46773.474
   9.8904661e-12       47862.968
   9.2543915e-12       48977.840
   8.6591723e-12       50118.680
   8.1021882e-12       51286.094
   7.5809862e-12       52480.701
   7.0932700e-12       53703.133
   6.6368916e-12       54954.040
   6.2098404e-12       56234.084
   5.8102338e-12       57543.944
   5.4363103e-12       58884.315
   5.0864213e-12       60255.907
   4.7590248e-12       61659.447
   4.4526756e-12       63095.680
   4.1660230e-12       64565.367
   3.8978022e-12       66069.288
   3.6468294e-12       67608.239
   3.4119968e-12       69183.037
   3.1922678e-12       70794.517
   2.9866723e-12       72443.533
   2.7943023e-12       74130.960
   2.6143083e-12       75857.692
   2.4458946e-12       77624.644
   2.2883175e-12       79432.754
   2.1408804e-12       81282.981
   2.0029317e-12       83176.305
   1.8738613e-12       85113.730
   1.7530988e-12       87096.283
   1.6401099e-12       89125.016
   1.5343949e-12       91201.004
   1.4354860e-12       93325.349
   1.3429456e-12       95499.175
   1.2563642e-12       97723.637
   1.1753584e-12       99999.913
   1.0995697e-12       102329.21
   1.0286624e-12       104712.76
   9.6232256e-13       107151.84
   9.0025627e-13       109647.72
   8.4218857e-13       112201.75
   7.8786213e-13       114815.26
   7.3703625e-13       117489.65
   6.8948552e-13       120226.34
   6.4499924e-13       123026.77
   6.0338008e-13       125892.43
   5.6444351e-13       128824.84
   5.2801687e-13       131825.56
   4.9393844e-13       134896.17
   4.6205704e-13       138038.30
   4.3223124e-13       141253.63
   4.0432862e-13       144543.85
   3.7822534e-13       147910.71
   3.5380547e-13       151355.99
   3.3096055e-13       154881.52
   3.0958916e-13       158489.18
   2.8959636e-13       162180.87
   2.7089328e-13       165958.54
   2.5339686e-13       169824.21
   2.3702931e-13       173779.93
   2.2171785e-13       177827.78
   2.0739447e-13       181969.92
   1.9399544e-13       186208.55
   1.8146118e-13       190545.90
   1.6973594e-13       194984.29
   1.5876756e-13       199526.05
   1.4850722e-13       204173.61
   1.3890930e-13       208929.43
   1.2993105e-13       213796.02
   1.2153250e-13       218775.97
   1.1367628e-13       223871.91
   1.0632740e-13       229086.56
   9.9453127e-14       234422.67
   9.3022846e-14       239883.08
   8.7007909e-14       245470.67
   8.1381516e-14       251188.42
   7.6118595e-14       257039.35
   7.1195687e-14       263026.56
   6.6590857e-14       269153.24
   6.2283566e-14       275422.62
   5.8254610e-14       281838.04
   5.4486025e-14       288402.89
   5.0960995e-14       295120.66
   4.7663804e-14       301994.90
   4.4579734e-14       309029.27
   4.1695027e-14       316227.48
   3.8996804e-14       323593.37
   3.6473029e-14       331130.82
   3.4112429e-14       338843.85
   3.1904468e-14       346736.54
   2.9839280e-14       354813.07
   2.7907650e-14       363077.73
   2.6100944e-14       371534.89
   2.4411093e-14       380189.05
   2.2830545e-14       389044.79
   2.1352237e-14       398106.81
   1.9969564e-14       407379.91
   1.8676341e-14       416869.01
   1.7466792e-14       426579.13
   1.6335505e-14       436515.44
   1.5277422e-14       446683.19
   1.4287809e-14       457087.77
   1.3362243e-14       467734.72
   1.2496579e-14       478629.66
   1.1686946e-14       489778.37
   1.0929721e-14       501186.78
   1.0221514e-14       512860.92
   9.5591556e-15       524806.98
   8.9396789e-15       537031.31
   8.3603118e-15       549540.37
   7.8184588e-15       562340.81
   7.3116943e-15       575439.41
   6.8377467e-15       588843.12
   6.3944940e-15       602559.03
   5.9799493e-15       616594.44
   5.5922555e-15       630956.77
   5.2296746e-15       645653.64
   4.8905819e-15       660692.84
   4.5734566e-15       676082.35
   4.2768773e-15       691830.34
   3.9995142e-15       707945.13
   3.7401227e-15       724435.29
   3.4975401e-15       741309.56
   3.2706778e-15       758576.88
   3.0585180e-15       776246.40
   2.8601086e-15       794327.50
   2.6745595e-15       812829.77
   2.5010376e-15       831763.00
   2.3387641e-15       851137.25
   2.1870103e-15       870962.79
   2.0450952e-15       891250.11
   1.9123812e-15       912010.00
   1.7882723e-15       933253.44
   1.6722112e-15       954991.70
   1.5636762e-15       977236.32
   1.4621799e-15       999999.07
   1.3672663e-15       1023292.0
   1.2785087e-15       1047127.6
   1.1955081e-15       1071518.3
   1.1178915e-15       1096477.2
   1.0453099e-15       1122017.4
   9.7743716e-16       1148152.6
   9.1396771e-16       1174896.5
   8.5461638e-16       1202263.3
   7.9911613e-16       1230267.6
   7.4721726e-16       1258924.2
   6.9868624e-16       1288248.4
   6.5330481e-16       1318255.5
   6.1086862e-16       1348961.6
   5.7118677e-16       1380383.0
   5.3408058e-16       1412536.2
   4.9938310e-16       1445438.4
   4.6693798e-16       1479107.0
   4.3659916e-16       1513559.8
   4.0823007e-16       1548815.2
   3.8170288e-16       1584891.7
   3.5689810e-16       1621808.6
   3.3370403e-16       1659585.4
   3.1201610e-16       1698242.1
   2.9173665e-16       1737799.2
   2.7277423e-16       1778277.7
   2.5504339e-16       1819699.1
   2.3846421e-16       1862085.4
   2.2296194e-16       1905458.9
   2.0846669e-16       1949842.8
   1.9491309e-16       1995260.4
   1.8224004e-16       2041736.0
   1.7039034e-16       2089294.2
   1.5931057e-16       2137960.1
   1.4895073e-16       2187759.6
   1.3926407e-16       2238719.0
   1.3020690e-16       2290865.5
   1.2173833e-16       2344226.6
   1.1382014e-16       2398830.6
   1.0641659e-16       2454706.6
   9.9494263e-17       2511884.1
   9.3021899e-17       2570393.3
   8.6970266e-17       2630265.5
   8.1312040e-17       2691532.3
   7.6021670e-17       2754226.1
   7.1075256e-17       2818380.3
   6.6450443e-17       2884028.8
   6.2126353e-17       2951206.4
   5.8083438e-17       3019948.8
   5.4303431e-17       3090292.5
   5.0769242e-17       3162274.6
   4.7464907e-17       3235933.5
   4.4375480e-17       3311308.1
   4.1486995e-17       3388438.3
   3.8786396e-17       3467365.2
   3.6261471e-17       3548130.5
   3.3900793e-17       3630777.1
   3.1693693e-17       3715348.7
   2.9630185e-17       3801890.3
   2.7700935e-17       3890447.7
   2.5897212e-17       3981067.9
   2.4210854e-17       4073798.9
   2.2634232e-17       4168689.8
   2.1160210e-17       4265791.1
   1.9782114e-17       4365154.1
   1.8493709e-17       4466831.6
   1.7289158e-17       4570877.5
   1.6163010e-17       4677346.9
   1.5110164e-17       4786296.3
   1.4125854e-17       4897783.5
   1.3205622e-17       5011867.5
   1.2345297e-17       5128608.9
   1.1540982e-17       5248069.5
   1.0789035e-17       5370312.8
   1.0086048e-17       5495403.4
   9.4288349e-18       5623407.8
   8.8144176e-18       5754393.8
   8.2400110e-18       5888430.9
   7.7030119e-18       6025590.0
   7.2009861e-18       6165944.1
   6.7316566e-18       6309567.3
   6.2928960e-18       6456536.0
   5.8827145e-18       6606928.1
   5.4992518e-18       6760823.2
   5.1407687e-18       6918303.0
   4.8056389e-18       7079451.0
   4.4923422e-18       7244352.6
   4.1994570e-18       7413095.2
   3.9256548e-18       7585768.4
   3.6696929e-18       7762463.6
   3.4304094e-18       7943274.6
   3.2067185e-18       8128297.3
   2.9976047e-18       8317629.6
   2.8021188e-18       8511372.1
   2.6193731e-18       8709627.4
   2.4485380e-18       8912500.7
   2.2888377e-18       9120099.5
   2.1395469e-18       9332533.9
   1.9999875e-18       9549916.5
   1.8695256e-18       9772362.7
   1.7475686e-18       9999990.2
   1.6335624e-18       10232920.
   1.5269891e-18       10471275.
   1.4273642e-18       10715183.
   1.3342350e-18       10964771.
   1.2471784e-18       11220174.
   1.1657985e-18       11481525.
   1.0897255e-18       11748964.
   1.0186135e-18       12022633.
   9.5213917e-19       12302676.
   8.9000033e-19       12589242.
   8.3191436e-19       12882483.
   7.7761704e-19       13182554.
   7.2686144e-19       13489616.
   6.7941669e-19       13803829.
   6.3506698e-19       14125362.
   5.9361050e-19       14454383.
   5.5485859e-19       14791069.
   5.1863495e-19       15135598.
   4.8477478e-19       15488151.
   4.5312390e-19       15848916.
   4.2353829e-19       16218085.
   3.9588324e-19       16595853.
   3.7003286e-19       16982420.
   3.4586947e-19       17377991.
   3.2328304e-19       17782776.
   3.0217071e-19       18196991.
   2.8243632e-19       18620853.
   2.6399001e-19       19054588.
   2.4674777e-19       19498427.
   2.3063103e-19       19952603.
   2.1556636e-19       20417359.
   2.0148513e-19       20892941.
   1.8832320e-19       21379600.
   1.7602056e-19       21877594.
   1.6452116e-19       22387189.
   1.5377258e-19       22908654.
   1.4372584e-19       23442265.
   1.3433513e-19       23988305.
   1.2555763e-19       24547065.
   1.1735333e-19       25118839.
   1.0968482e-19       25703932.
   1.0251713e-19       26302654.
   9.5817565e-20       26915321.
   8.9555581e-20       27542259.
   8.3702607e-20       28183801.
   7.8231944e-20       28840286.
   7.3118637e-20       29512063.
   6.8339355e-20       30199487.
   6.3872289e-20       30902923.
   5.9697050e-20       31622745.
   5.5794592e-20       32359333.
   5.2147104e-20       33113079.
   4.8737934e-20       33884382.
   4.5551518e-20       34673650.
   4.2573312e-20       35481303.
   3.9789717e-20       36307769.
   3.7188024e-20       37153485.
   3.4756352e-20       38018901.
   3.2483599e-20       38904475.
   3.0359383e-20       39810677.
   2.8374004e-20       40737987.
   2.6518388e-20       41686896.
   2.4784061e-20       42657909.
   2.3163101e-20       43651539.
   2.1648100e-20       44668314.
   2.0232137e-20       45708773.
   1.8908740e-20       46773467.
   1.7671861e-20       47862961.
   1.6515847e-20       48977832.
   1.5435415e-20       50118673.
   1.4425624e-20       51286086.
   1.3481861e-20       52480693.
   1.2599808e-20       53703125.
   1.1775433e-20       54954032.
   1.1004968e-20       56234075.
   1.0284887e-20       57543935.
   9.6118985e-21       58884306.
   8.9829238e-21       60255897.
   8.3950859e-21       61659437.
   7.8456966e-21       63095670.
   7.3322412e-21       64565357.
   6.8523715e-21       66069277.
   6.4038917e-21       67608229.
   5.9847491e-21       69183026.
   5.5930261e-21       70794506.
   5.2269297e-21       72443522.
   4.8847842e-21       74130948.
   4.5650236e-21       75857680.
   4.2661840e-21       77624632.
   3.9868975e-21       79432742.
   3.7258856e-21       81282968.
   3.4819526e-21       83176292.
   3.2539819e-21       85113717.
   3.0409296e-21       87096270.
   2.8418196e-21       89125002.
   2.6557403e-21       91200990.
   2.4818393e-21       93325334.
   2.3193197e-21       95499160.
   2.1674374e-21       97723622.
   2.0254963e-21       99999897.
   1.8928459e-21   1.0232919e+08
   1.7688787e-21   1.0471275e+08
   1.6530264e-21   1.0715182e+08
   1.5447582e-21   1.0964771e+08
   1.4435777e-21   1.1220173e+08
   1.3490212e-21   1.1481524e+08
   1.2606554e-21   1.1748963e+08
   1.1780749e-21   1.2022632e+08
   1.1009015e-21   1.2302675e+08
   1.0287810e-21   1.2589241e+08
   9.6138299e-22   1.2882482e+08
   8.9839822e-22   1.3182554e+08
   8.3953789e-22   1.3489615e+08
   7.8453209e-22   1.3803828e+08
   7.3312850e-22   1.4125361e+08
   6.8509134e-22   1.4454383e+08
   6.4020023e-22   1.4791069e+08
   5.9824929e-22   1.5135597e+08
   5.5904596e-22   1.5488150e+08
   5.2241045e-22   1.5848915e+08
   4.8817459e-22   1.6218084e+08
   4.5618132e-22   1.6595852e+08
   4.2628382e-22   1.6982419e+08
   3.9834482e-22   1.7377990e+08
   3.7223612e-22   1.7782776e+08
   3.4783788e-22   1.8196990e+08
   3.2503806e-22   1.8620852e+08
   3.0373202e-22   1.9054587e+08
   2.8382193e-22   1.9498426e+08
   2.6521640e-22   1.9952602e+08
   2.4782993e-22   2.0417358e+08
   2.3158275e-22   2.0892939e+08
   2.1640020e-22   2.1379599e+08
   2.0221255e-22   2.1877593e+08
   1.8895467e-22   2.2387188e+08
   1.7656562e-22   2.2908653e+08
   1.6498852e-22   2.3442264e+08
   1.5417015e-22   2.3988304e+08
   1.4406083e-22   2.4547063e+08
   1.3461410e-22   2.5118838e+08
   1.2578657e-22   2.5703931e+08
   1.1753765e-22   2.6302652e+08
   1.0982944e-22   2.6915320e+08
   1.0262652e-22   2.7542258e+08
   9.5895774e-23   2.8183800e+08
   8.9606268e-23   2.8840285e+08
   8.3729091e-23   2.9512061e+08
   7.8237218e-23   3.0199485e+08
   7.3105400e-23   3.0902922e+08
   6.8310047e-23   3.1622743e+08
   6.3829109e-23   3.2359332e+08
   5.9641974e-23   3.3113077e+08
   5.5729394e-23   3.3884380e+08
   5.2073371e-23   3.4673648e+08
   4.8657089e-23   3.5481301e+08
   4.5464837e-23   3.6307767e+08
   4.2481927e-23   3.7153484e+08
   3.9694638e-23   3.8018899e+08
   3.7090148e-23   3.8904473e+08
   3.4656474e-23   3.9810675e+08
   3.2382415e-23   4.0737985e+08
   3.0257508e-23   4.1686894e+08
   2.8271980e-23   4.2657907e+08
   2.6416685e-23   4.3651537e+08
   2.4683089e-23   4.4668312e+08
   2.3063212e-23   4.5708770e+08
   2.1549597e-23   4.6773464e+08
   2.0135279e-23   4.7862958e+08
   1.8813743e-23   4.8977830e+08
   1.7578905e-23   5.0118670e+08
   1.6425083e-23   5.1286084e+08
   1.5346962e-23   5.2480690e+08
   1.4339577e-23   5.3703122e+08
   1.3398291e-23   5.4954029e+08
   1.2518767e-23   5.6234072e+08
   1.1696954e-23   5.7543932e+08
   1.0929069e-23   5.8884303e+08
   1.0211572e-23   6.0255894e+08
   9.5411606e-24   6.1659434e+08
   8.9147443e-24   6.3095667e+08
   8.3294379e-24   6.4565354e+08
   7.7825443e-24   6.6069274e+08
   7.2715439e-24   6.7608225e+08
   6.7940827e-24   6.9183023e+08
   6.3479586e-24   7.0794502e+08
   5.9311170e-24   7.2443518e+08
   5.5416362e-24   7.4130945e+08
   5.1777213e-24   7.5857676e+08
   4.8376946e-24   7.7624628e+08
   4.5199888e-24   7.9432738e+08
   4.2231392e-24   8.1282964e+08
   3.9457773e-24   8.3176288e+08
   3.6866243e-24   8.5113712e+08
   3.4444850e-24   8.7096265e+08
   3.2182435e-24   8.9124998e+08
   3.0068560e-24   9.1200986e+08
   2.8093477e-24   9.3325329e+08
   2.6248079e-24   9.5499155e+08
   2.4523851e-24   9.7723617e+08
   2.2912842e-24   9.9999892e+08
   2.1407622e-24   1.0232919e+09
   2.0001245e-24   1.0471274e+09
   1.8687223e-24   1.0715181e+09
   1.7459496e-24   1.0964770e+09
   1.6312395e-24   1.1220172e+09
   1.5240632e-24   1.1481524e+09
   1.4239258e-24   1.1748963e+09
   1.3303652e-24   1.2022631e+09
   1.2429498e-24   1.2302674e+09
   1.1612760e-24   1.2589240e+09
   1.0849668e-24   1.2882482e+09
   1.0136702e-24   1.3182553e+09
   9.4705680e-25   1.3489614e+09
   8.8481933e-25   1.3803828e+09
   8.2667022e-25   1.4125360e+09
   7.7234117e-25   1.4454382e+09
   7.2158123e-25   1.4791068e+09
   6.7415609e-25   1.5135596e+09
   6.2984671e-25   1.5488149e+09
   5.8844852e-25   1.5848915e+09
   5.4977028e-25   1.6218083e+09
   5.1363335e-25   1.6595851e+09
   4.7987079e-25   1.6982418e+09
   4.4832676e-25   1.7377989e+09
   4.1885546e-25   1.7782775e+09
   3.9132076e-25   1.8196989e+09
   3.6559544e-25   1.8620851e+09
   3.4156067e-25   1.9054586e+09
   3.1910540e-25   1.9498425e+09
   2.9812584e-25   1.9952601e+09
   2.7852507e-25   2.0417357e+09
   2.6021252e-25   2.0892938e+09
   2.4310351e-25   2.1379597e+09
   2.2711902e-25   2.1877592e+09
   2.1218517e-25   2.2387187e+09
   1.9823288e-25   2.2908651e+09
   1.8519769e-25   2.3442262e+09
   1.7301935e-25   2.3988303e+09
   1.6164154e-25   2.4547062e+09
   1.5101167e-25   2.5118837e+09
   1.4108057e-25   2.5703930e+09
   1.3180236e-25   2.6302651e+09
   1.2313410e-25   2.6915318e+09
   1.1503572e-25   2.7542257e+09
   1.0746976e-25   2.8183798e+09
   1.0040125e-25   2.8840283e+09
   9.3797478e-26   2.9512060e+09
   8.7627902e-26   3.0199484e+09
   8.1863991e-26   3.0902920e+09
   7.6479073e-26   3.1622742e+09
   7.1448242e-26   3.2359330e+09
   6.6748221e-26   3.3113075e+09
   6.2357273e-26   3.3884378e+09
   5.8255073e-26   3.4673647e+09
   5.4422639e-26   3.5481300e+09
   5.0842239e-26   3.6307765e+09
   4.7497309e-26   3.7153482e+09
   4.4372366e-26   3.8018897e+09
   4.1452943e-26   3.8904471e+09
   3.8725536e-26   3.9810673e+09
   3.6177512e-26   4.0737982e+09
   3.3797085e-26   4.1686892e+09
   3.1573230e-26   4.2657904e+09
   2.9495654e-26   4.3651535e+09
   2.7554739e-26   4.4668309e+09
   2.5741497e-26   4.5708768e+09
   2.4047536e-26   4.6773462e+09
   2.2465010e-26   4.7862956e+09
   2.0986589e-26   4.8977827e+09
   1.9605431e-26   5.0118667e+09
   1.8315138e-26   5.1286081e+09
   1.7109732e-26   5.2480687e+09
   1.5983633e-26   5.3703120e+09
   1.4931624e-26   5.4954026e+09
   1.3948833e-26   5.6234070e+09
   1.3030706e-26   5.7543929e+09
   1.2172990e-26   5.8884300e+09
   1.1371713e-26   6.0255891e+09
   1.0623161e-26   6.1659431e+09
   9.9238663e-27   6.3095664e+09
   9.2705886e-27   6.4565350e+09
   8.6603014e-27   6.6069271e+09
   8.0901753e-27   6.7608222e+09
   7.5575702e-27   6.9183019e+09
   7.0600154e-27   7.0794499e+09
   6.5952069e-27   7.2443515e+09
   6.1609898e-27   7.4130941e+09
   5.7553512e-27   7.5857672e+09
   5.3764106e-27   7.7624624e+09
   5.0224120e-27   7.9432734e+09
   4.6917136e-27   8.1282960e+09
   4.3827829e-27   8.3176283e+09
   4.0941873e-27   8.5113708e+09
   3.8245887e-27   8.7096261e+09
   3.5727372e-27   8.9124993e+09
   3.3374644e-27   9.1200981e+09
   3.1176800e-27   9.3325325e+09
   2.9123645e-27   9.5499151e+09
   2.7205656e-27   9.7723611e+09
   2.5413940e-27   9.9999887e+09
   2.3740182e-27   1.0232918e+10
   2.2176623e-27   1.0471274e+10
   2.0716007e-27   1.0715181e+10
   1.9351563e-27   1.0964770e+10
   1.8076956e-27   1.1220172e+10
   1.6886274e-27   1.1481523e+10
   1.5773996e-27   1.1748962e+10
   1.4734958e-27   1.2022631e+10
   1.3764339e-27   1.2302674e+10
   1.2857636e-27   1.2589240e+10
   1.2010642e-27   1.2882481e+10
   1.1219426e-27   1.3182552e+10
   1.0480316e-27   1.3489613e+10
   9.7898804e-28   1.3803827e+10
   9.1449153e-28   1.4125359e+10
   8.5424286e-28   1.4454381e+10
   7.9796218e-28   1.4791067e+10
   7.4538833e-28   1.5135595e+10
   6.9627722e-28   1.5488149e+10
   6.5040084e-28   1.5848914e+10
   6.0754620e-28   1.6218082e+10
   5.6751440e-28   1.6595850e+10
   5.3011949e-28   1.6982417e+10
   4.9518784e-28   1.7377988e+10
   4.6255724e-28   1.7782774e+10
   4.3207617e-28   1.8196988e+10
   4.0360313e-28   1.8620850e+10
   3.7700579e-28   1.9054585e+10
   3.5216067e-28   1.9498424e+10
   3.2895237e-28   1.9952600e+10
   3.0727309e-28   2.0417356e+10
   2.8702211e-28   2.0892937e+10
   2.6810536e-28   2.1379596e+10
   2.5043500e-28   2.1877591e+10
   2.3392889e-28   2.2387186e+10
   2.1851035e-28   2.2908650e+10
   2.0410777e-28   2.3442261e+10
   1.9065421e-28   2.3988302e+10
   1.7808715e-28   2.4547061e+10
   1.6634820e-28   2.5118835e+10
   1.5538282e-28   2.5703928e+10
   1.4514004e-28   2.6302650e+10
   1.3557225e-28   2.6915317e+10
   1.2663499e-28   2.7542255e+10
   1.1828672e-28   2.8183797e+10
   1.1048864e-28   2.8840282e+10
   1.0320448e-28   2.9512058e+10
   9.6400407e-29   3.0199482e+10
   9.0044784e-29   3.0902919e+10
   8.4108051e-29   3.1622740e+10
   7.8562619e-29   3.2359328e+10
   7.3382698e-29   3.3113074e+10
   6.8544208e-29   3.3884376e+10
   6.4024652e-29   3.4673645e+10
   5.9803008e-29   3.5481298e+10
   5.5859648e-29   3.6307763e+10
   5.2176235e-29   3.7153480e+10
   4.8735633e-29   3.8018895e+10
   4.5521846e-29   3.8904469e+10
   4.2519923e-29   3.9810671e+10
   3.9715904e-29   4.0737980e+10
   3.7096745e-29   4.1686890e+10
   3.4650263e-29   4.2657902e+10
   3.2365075e-29   4.3651532e+10
   3.0230552e-29   4.4668307e+10
   2.8236763e-29   4.5708766e+10
   2.6374431e-29   4.6773460e+10
   2.4634892e-29   4.7862953e+10
   2.3010053e-29   4.8977825e+10
   2.1492352e-29   5.0118665e+10
   2.0074726e-29   5.1286078e+10
   1.8750580e-29   5.2480685e+10
   1.7513751e-29   5.3703117e+10
   1.6358482e-29   5.4954023e+10
   1.5279397e-29   5.6234067e+10
   1.4271473e-29   5.7543926e+10
   1.3330020e-29   5.8884297e+10
   1.2450653e-29   6.0255888e+10
   1.1629282e-29   6.1659428e+10
   1.0862081e-29   6.3095660e+10
   1.0145479e-29   6.4565347e+10
   9.4761396e-30   6.6069267e+10
   8.8509473e-30   6.7608218e+10
   8.2669903e-30   6.9183016e+10
   7.7215504e-30   7.0794495e+10
   7.2120878e-30   7.2443511e+10
   6.7362289e-30   7.4130937e+10
   6.2917596e-30   7.5857668e+10
   5.8766085e-30   7.7624620e+10
   5.4888428e-30   7.9432730e+10
   5.1266570e-30   8.1282956e+10
   4.7883633e-30   8.3176279e+10
   4.4723866e-30   8.5113703e+10
   4.1772548e-30   8.7096256e+10
   3.9015933e-30   8.9124989e+10
   3.6441183e-30   9.1200976e+10
   3.4036298e-30   9.3325320e+10
   3.1790077e-30   9.5499146e+10
   2.9692053e-30   9.7723606e+10
   2.7732453e-30   9.9999882e+10
   2.5902146e-30   1.0232918e+11
   2.4192603e-30   1.0471273e+11
   2.2595860e-30   1.0715180e+11
   2.1104478e-30   1.0964769e+11
   1.9711502e-30   1.1220171e+11
   1.8410442e-30   1.1481523e+11
   1.7195237e-30   1.1748962e+11
   1.6060221e-30   1.2022630e+11
   1.5000103e-30   1.2302673e+11
   1.4009944e-30   1.2589239e+11
   1.3085129e-30   1.2882480e+11
   1.2221345e-30   1.3182552e+11
   1.1414567e-30   1.3489613e+11
   1.0661033e-30   1.3803826e+11
   9.9572299e-31   1.4125359e+11
   9.2998775e-31   1.4454380e+11
   8.6859102e-31   1.4791066e+11
   8.1124655e-31   1.5135594e+11
   7.5768698e-31   1.5488148e+11
   7.0766255e-31   1.5848913e+11
   6.6093999e-31   1.6218082e+11
   6.1730141e-31   1.6595849e+11
   5.7654330e-31   1.6982416e+11
   5.3847558e-31   1.7377988e+11
   5.0292073e-31   1.7782773e+11
   4.6971292e-31   1.8196987e+11
   4.3869722e-31   1.8620849e+11
   4.0972899e-31   1.9054584e+11
   3.8267311e-31   1.9498423e+11
   3.5740334e-31   1.9952599e+11
   3.3380184e-31   2.0417355e+11
   3.1175850e-31   2.0892936e+11
   2.9117044e-31   2.1379595e+11
   2.7194164e-31   2.1877590e+11
   2.5398239e-31   2.2387184e+11
   2.3720886e-31   2.2908649e+11
   2.2154281e-31   2.3442260e+11
   2.0691113e-31   2.3988300e+11
   1.9324553e-31   2.4547060e+11
   1.8048226e-31   2.5118834e+11
   1.6856176e-31   2.5703927e+11
   1.5742837e-31   2.6302648e+11
   1.4703016e-31   2.6915316e+11
   1.3731858e-31   2.7542254e+11
   1.2824829e-31   2.8183795e+11
   1.1977697e-31   2.8840280e+11
   1.1186509e-31   2.9512057e+11
   1.0447568e-31   3.0199481e+11
   9.7574271e-32   3.0902917e+11
   9.1128636e-32   3.1622738e+11
   8.5108689e-32   3.2359327e+11
   7.9486311e-32   3.3113072e+11
   7.4235266e-32   3.3884375e+11
   6.9331027e-32   3.4673643e+11
   6.4750702e-32   3.5481296e+11
   6.0472895e-32   3.6307761e+11
   5.6477637e-32   3.7153478e+11
   5.2746265e-32   3.8018893e+11
   4.9261359e-32   3.8904467e+11
   4.6006639e-32   3.9810669e+11
   4.2966908e-32   4.0737978e+11
   4.0127968e-32   4.1686888e+11
   3.7476555e-32   4.2657900e+11
   3.5000291e-32   4.3651530e+11
   3.2687603e-32   4.4668305e+11
   3.0527694e-32   4.5708763e+11
   2.8510469e-32   4.6773457e+11
   2.6626508e-32   4.7862951e+11
   2.4867007e-32   4.8977822e+11
   2.3223748e-32   5.0118662e+11
   2.1689052e-32   5.1286076e+11
   2.0255748e-32   5.2480682e+11
   1.8917139e-32   5.3703114e+11
   1.7666973e-32   5.4954020e+11
   1.6499405e-32   5.6234064e+11
   1.5408981e-32   5.7543923e+11
   1.4390603e-32   5.8884293e+11
   1.3439514e-32   6.0255885e+11
   1.2551267e-32   6.1659425e+11
   1.1721714e-32   6.3095657e+11
   1.0946974e-32   6.4565344e+11
   1.0223429e-32   6.6069264e+11
   9.5476950e-33   6.7608215e+11
   8.9166140e-33   6.9183012e+11
   8.3272365e-33   7.0794492e+11
   7.7768061e-33   7.2443507e+11
   7.2627514e-33   7.4130933e+11
   6.7826678e-33   7.5857664e+11
   6.3343107e-33   7.7624616e+11
   5.9155853e-33   7.9432726e+11
   5.5245325e-33   8.1282952e+11
   5.1593244e-33   8.3176275e+11
   4.8182533e-33   8.5113699e+11
   4.4997244e-33   8.7096252e+11
   4.2022483e-33   8.9124984e+11
   3.9244334e-33   9.1200971e+11
   3.6649809e-33   9.3325315e+11
   3.4226774e-33   9.5499141e+11
   3.1963895e-33   9.7723601e+11
   2.9850590e-33   9.9999876e+11
   2.7876975e-33   1.0232917e+12
   2.6033818e-33   1.0471273e+12
   2.4312498e-33   1.0715180e+12
   2.2704964e-33   1.0964768e+12
   2.1203694e-33   1.1220171e+12
   1.9801665e-33   1.1481522e+12
   1.8492321e-33   1.1748961e+12
   1.7269535e-33   1.2022629e+12
   1.6127584e-33   1.2302672e+12
   1.5061130e-33   1.2589239e+12
   1.4065178e-33   1.2882480e+12
   1.3135072e-33   1.3182551e+12
   1.2266458e-33   1.3489612e+12
   1.1455271e-33   1.3803825e+12
   1.0697717e-33   1.4125358e+12
   9.9902491e-34   1.4454380e+12
   9.3295580e-34   1.4791065e+12
   8.7125502e-34   1.5135594e+12
   8.1363394e-34   1.5488147e+12
   7.5982279e-34   1.5848912e+12
   7.0956972e-34   1.6218081e+12
   6.6263953e-34   1.6595848e+12
   6.1881260e-34   1.6982415e+12
   5.7788368e-34   1.7377987e+12
   5.3966124e-34   1.7782772e+12
   5.0396639e-34   1.8196986e+12
   4.7063194e-34   1.8620848e+12
   4.3950191e-34   1.9054583e+12
   4.1043046e-34   1.9498422e+12
   3.8328162e-34   1.9952598e+12
   3.5792818e-34   2.0417354e+12
   3.3425145e-34   2.0892935e+12
   3.1214059e-34   2.1379594e+12
   2.9149202e-34   2.1877589e+12
   2.7220911e-34   2.2387183e+12
   2.5420153e-34   2.2908648e+12
   2.3738493e-34   2.3442259e+12
   2.2168060e-34   2.3988299e+12
   2.0701496e-34   2.4547058e+12
   1.9331934e-34   2.5118833e+12
   1.8052959e-34   2.5703926e+12
   1.6858581e-34   2.6302647e+12
   1.5743205e-34   2.6915314e+12
   1.4701608e-34   2.7542252e+12
   1.3728910e-34   2.8183794e+12
   1.2820553e-34   2.8840279e+12
   1.1972285e-34   2.9512055e+12
   1.1180129e-34   3.0199479e+12
   1.0440376e-34   3.0902915e+12
   9.7495582e-35   3.1622737e+12
   9.1044419e-35   3.2359325e+12
   8.5020028e-35   3.3113070e+12
   7.9394180e-35   3.3884373e+12
   7.4140524e-35   3.4673641e+12
   6.9234430e-35   3.5481294e+12
   6.4652924e-35   3.6307760e+12
   6.0374526e-35   3.7153476e+12
   5.6379194e-35   3.8018892e+12
   5.2648194e-35   3.8904465e+12
   4.9164053e-35   3.9810667e+12
   4.5910433e-35   4.0737976e+12
   4.2872087e-35   4.1686886e+12
   4.0034778e-35   4.2657898e+12
   3.7385203e-35   4.3651528e+12
   3.4910948e-35   4.4668303e+12
   3.2600407e-35   4.5708761e+12
   3.0442758e-35   4.6773455e+12
   2.8427882e-35   4.7862948e+12
   2.6546333e-35   4.8977820e+12
   2.4789290e-35   5.0118660e+12
   2.3148520e-35   5.1286073e+12
   2.1616327e-35   5.2480679e+12
   2.0185528e-35   5.3703111e+12
   1.8849415e-35   5.4954017e+12
   1.7601724e-35   5.6234061e+12
   1.6436602e-35   5.7543920e+12
   1.5348588e-35   5.8884290e+12
   1.4332581e-35   6.0255882e+12
   1.3383814e-35   6.1659422e+12
   1.2497840e-35   6.3095654e+12
   1.1670502e-35   6.4565340e+12
   1.0897922e-35   6.6069260e+12
   1.0176476e-35   6.7608211e+12
   9.5027791e-36   6.9183009e+12
   8.8736737e-36   7.0794488e+12
   8.2862078e-36   7.2443503e+12
   7.7376263e-36   7.4130929e+12
   7.2253557e-36   7.5857660e+12
   6.7469925e-36   7.7624612e+12
   6.3002939e-36   7.9432722e+12
   5.8831641e-36   8.1282947e+12
   5.4936460e-36   8.3176270e+12
   5.1299122e-36   8.5113695e+12
   4.7902561e-36   8.7096247e+12
   4.4730846e-36   8.9124979e+12
   4.1769094e-36   9.1200967e+12
   3.9003407e-36   9.3325310e+12
   3.6420810e-36   9.5499136e+12
   3.4009185e-36   9.7723596e+12
   3.1757213e-36   9.9999871e+12
   2.9654333e-36   1.0232917e+13
   2.7690669e-36   1.0471272e+13
   2.5857012e-36   1.0715179e+13
   2.4144754e-36   1.0964768e+13
   2.2545858e-36   1.1220170e+13
   2.1052823e-36   1.1481521e+13
   1.9658640e-36   1.1748960e+13
   1.8356766e-36   1.2022629e+13
   1.7141092e-36   1.2302672e+13
   1.6005908e-36   1.2589238e+13
   1.4945887e-36   1.2882479e+13
   1.3956056e-36   1.3182550e+13
   1.3031765e-36   1.3489611e+13
   1.2168677e-36   1.3803825e+13
   1.1362740e-36   1.4125357e+13
   1.0610169e-36   1.4454379e+13
   9.9074330e-37   1.4791065e+13
   9.2512317e-37   1.5135593e+13
   8.6384844e-37   1.5488146e+13
   8.0663143e-37   1.5848911e+13
   7.5320335e-37   1.6218080e+13
   7.0331354e-37   1.6595848e+13
   6.5672761e-37   1.6982414e+13
   6.1322682e-37   1.7377986e+13
   5.7260692e-37   1.7782771e+13
   5.3467711e-37   1.8196985e+13
   4.9925933e-37   1.8620847e+13
   4.6618725e-37   1.9054582e+13
   4.3530550e-37   1.9498421e+13
   4.0646906e-37   1.9952597e+13
   3.7954247e-37   2.0417353e+13
   3.5439935e-37   2.0892934e+13
   3.3092152e-37   2.1379593e+13
   3.0899871e-37   2.1877588e+13
   2.8852796e-37   2.2387182e+13
   2.6941313e-37   2.2908647e+13
   2.5156440e-37   2.3442258e+13
   2.3489794e-37   2.3988298e+13
   2.1933543e-37   2.4547057e+13
   2.0480378e-37   2.5118831e+13
   1.9123471e-37   2.5703924e+13
   1.7856448e-37   2.6302646e+13
   1.6673355e-37   2.6915313e+13
   1.5568636e-37   2.7542251e+13
   1.4537096e-37   2.8183792e+13
   1.3573892e-37   2.8840277e+13
   1.2674496e-37   2.9512054e+13
   1.1834682e-37   3.0199478e+13
   1.1050503e-37   3.0902914e+13
   1.0318276e-37   3.1622735e+13
   9.6345581e-38   3.2359323e+13
   8.9961372e-38   3.3113069e+13
   8.4000119e-38   3.3884371e+13
   7.8433820e-38   3.4673639e+13
   7.3236303e-38   3.5481292e+13
   6.8383141e-38   3.6307758e+13
   6.3851527e-38   3.7153474e+13
   5.9620155e-38   3.8018890e+13
   5.5669143e-38   3.8904463e+13
   5.1979917e-38   3.9810665e+13
   4.8535127e-38   4.0737974e+13
   4.5318592e-38   4.1686883e+13
   4.2315183e-38   4.2657896e+13
   3.9510784e-38   4.3651526e+13
   3.6892209e-38   4.4668300e+13
   3.4447150e-38   4.5708759e+13
   3.2164107e-38   4.6773452e+13
   3.0032351e-38   4.7862946e+13
   2.8041857e-38   4.8977817e+13
   2.6183265e-38   5.0118657e+13
   2.4447838e-38   5.1286071e+13
   2.2827411e-38   5.2480677e+13
   2.1314370e-38   5.3703109e+13
   1.9901598e-38   5.4954015e+13
   1.8582452e-38   5.6234058e+13
   1.7350728e-38   5.7543917e+13
   1.6200632e-38   5.8884287e+13
   1.5126756e-38   6.0255879e+13
   1.4124052e-38   6.1659418e+13
   1.3187801e-38   6.3095651e+13
   1.2313602e-38   6.4565337e+13
   1.1497340e-38   6.6069257e+13
   1.0735179e-38   6.7608208e+13
   1.0023533e-38   6.9183005e+13
   9.3590552e-39   7.0794484e+13
   8.7386177e-39   7.2443500e+13
   8.1593041e-39   7.4130925e+13
   7.6183875e-39   7.5857656e+13
   7.1133245e-39   7.7624608e+13
   6.6417399e-39   7.9432718e+13
   6.2014127e-39   8.1282943e+13
   5.7902746e-39   8.3176266e+13
   5.4063874e-39   8.5113690e+13
   5.0479479e-39   8.7096243e+13
   4.7132674e-39   8.9124975e+13
   4.4007736e-39   9.1200962e+13
   4.1089939e-39   9.3325305e+13
   3.8365562e-39   9.5499131e+13
   3.5821799e-39   9.7723591e+13
   3.3446654e-39   9.9999866e+13
   3.1228973e-39   1.0232916e+14
   2.9158303e-39   1.0471271e+14
   2.7224917e-39   1.0715179e+14
   2.5419694e-39   1.0964767e+14
   2.3734156e-39   1.1220170e+14
   2.2160372e-39   1.1481521e+14
   2.0690915e-39   1.1748960e+14
   1.9318875e-39   1.2022628e+14
   1.8037822e-39   1.2302671e+14
   1.6841688e-39   1.2589237e+14
   1.5724853e-39   1.2882478e+14
   1.4682077e-39   1.3182550e+14
   1.3708440e-39   1.3489611e+14
   1.2799348e-39   1.3803824e+14
   1.1950554e-39   1.4125356e+14
   1.1158021e-39   1.4454378e+14
   1.0418038e-39   1.4791064e+14
   9.7271273e-40   1.5135592e+14
   9.0820255e-40   1.5488145e+14
   8.4797054e-40   1.5848911e+14
   7.9173223e-40   1.6218079e+14
   7.3922277e-40   1.6595847e+14
   6.9019555e-40   1.6982414e+14
   6.4441933e-40   1.7377985e+14
   6.0167832e-40   1.7782770e+14
   5.6177215e-40   1.8196984e+14
   5.2451162e-40   1.8620846e+14
   4.8972298e-40   1.9054581e+14
   4.5724089e-40   1.9498420e+14
   4.2691258e-40   1.9952596e+14
   3.9859514e-40   2.0417352e+14
   3.7215685e-40   2.0892933e+14
   3.4747157e-40   2.1379592e+14
   3.2442302e-40   2.1877587e+14
   3.0290327e-40   2.2387181e+14
   2.8281146e-40   2.2908645e+14
   2.6405087e-40   2.3442256e+14
   2.4653464e-40   2.3988297e+14
   2.3018149e-40   2.4547056e+14
   2.1491154e-40   2.5118830e+14
   2.0065473e-40   2.5703923e+14
   1.8734380e-40   2.6302644e+14
   1.7491568e-40   2.6915311e+14
   1.6331293e-40   2.7542250e+14
   1.5247809e-40   2.8183791e+14
   1.4236211e-40   2.8840276e+14
   1.3291736e-40   2.9512052e+14
   1.2410039e-40   3.0199476e+14
   1.1586636e-40   3.0902912e+14
   1.0818024e-40   3.1622733e+14
   1.0100279e-40   3.2359322e+14
   9.4301781e-41   3.3113067e+14
   8.8044984e-41   3.3884369e+14
   8.2202971e-41   3.4673638e+14
   7.6749117e-41   3.5481290e+14
   7.1656798e-41   3.6307756e+14
   6.6902193e-41   3.7153472e+14
   6.2464280e-41   3.8018888e+14
   5.8319239e-41   3.8904461e+14
   5.4450254e-41   3.9810663e+14
   5.0836306e-41   4.0737972e+14
   4.7463380e-41   4.1686881e+14
   4.4314663e-41   4.2657893e+14
   4.1373337e-41   4.3651523e+14
   3.8628193e-41   4.4668298e+14
   3.6065219e-41   4.5708756e+14
   3.3671801e-41   4.6773450e+14
   3.1438131e-41   4.7862944e+14
   2.9351598e-41   4.8977815e+14
   2.7403793e-41   5.0118654e+14
   2.5584907e-41   5.1286068e+14
   2.3887935e-41   5.2480674e+14
   2.2301665e-41   5.3703106e+14
   2.0821894e-41   5.4954012e+14
   1.9440214e-41   5.6234055e+14
   1.8149618e-41   5.7543914e+14
   1.6945902e-41   5.8884284e+14
   1.5820660e-41   6.0255876e+14
   1.4771087e-41   6.1659415e+14
   1.3790178e-41   6.3095647e+14
   1.2875130e-41   6.4565334e+14
   1.2020338e-41   6.6069254e+14
   1.1222999e-41   6.7608204e+14
   1.0478910e-41   6.9183002e+14
   9.7824646e-42   7.0794481e+14
   9.1336634e-42   7.2443496e+14
   8.5269012e-42   7.4130922e+14
   7.9607766e-42   7.5857653e+14
   7.4324871e-42   7.7624604e+14
   6.9392300e-42   7.9432714e+14
   6.4796041e-42   8.1282939e+14
   6.0494055e-42   8.3176262e+14
   5.6472328e-42   8.5113686e+14
   5.2730861e-42   8.7096238e+14
   4.9227615e-42   8.9124970e+14
   4.5962590e-42   9.1200957e+14
   4.2907759e-42   9.3325301e+14
   4.0063123e-42   9.5499126e+14
   3.7400656e-42   9.7723586e+14
   3.4920358e-42   9.9999861e+14
   3.2594202e-42   1.0232916e+15
   3.0436203e-42   1.0471271e+15
   2.8418333e-42   1.0715178e+15
   2.6526580e-42   1.0964767e+15
   2.4760944e-42   1.1220169e+15
   2.3121425e-42   1.1481520e+15
   2.1594009e-42   1.1748959e+15
   2.0150672e-42   1.2022628e+15
   1.8819438e-42   1.2302671e+15
   1.7572283e-42   1.2589237e+15
   1.6395192e-42   1.2882478e+15
   1.5316192e-42   1.3182549e+15
   1.4293244e-42   1.3489610e+15
   1.3340361e-42   1.3803823e+15
   1.2457543e-42   1.4125356e+15
   1.1630777e-42   1.4454378e+15
   1.0860063e-42   1.4791063e+15
   1.0145401e-42   1.5135591e+15
   9.4727776e-43   1.5488145e+15
   8.8421933e-43   1.5848910e+15
   8.2536480e-43   1.6218078e+15
   7.7071416e-43   1.6595846e+15
   7.1886611e-43   1.6982413e+15
   6.7122196e-43   1.7377984e+15
   6.2638041e-43   1.7782769e+15
   5.8574276e-43   1.8196983e+15
   5.4650640e-43   1.8620845e+15
   5.1007264e-43   1.9054580e+15
   4.7644148e-43   1.9498419e+15
   4.4421161e-43   1.9952595e+15
   4.1478435e-43   2.0417351e+15
   3.8815967e-43   2.0892932e+15
   3.6153500e-43   2.1379591e+15
   3.3771293e-43   2.1877585e+15
   3.1529215e-43   2.2387180e+15
   2.9427268e-43   2.2908644e+15
   2.7465450e-43   2.3442255e+15
   2.5643762e-43   2.3988295e+15
   2.3962204e-43   2.4547055e+15
   2.2420775e-43   2.5118829e+15
   2.0879347e-43   2.5703922e+15
   1.9478049e-43   2.6302643e+15
   1.8216880e-43   2.6915310e+15
   1.6955711e-43   2.7542248e+15
   1.5834673e-43   2.8183789e+15
   1.4853764e-43   2.8840274e+15
   1.3872855e-43   2.9512051e+15
   1.2891946e-43   3.0199474e+15
   1.2051167e-43   3.0902911e+15
   1.1210388e-43   3.1622732e+15
   1.0509738e-43   3.2359320e+15
   9.8090893e-44   3.3113065e+15
   9.1084400e-44   3.3884368e+15
   8.5479206e-44   3.4673636e+15
   7.9874012e-44   3.5481289e+15
   7.4268819e-44   3.6307754e+15
   7.0064923e-44   3.7153470e+15
   6.4459729e-44   3.8018886e+15
   6.0255834e-44   3.8904459e+15
   5.6051939e-44   3.9810661e+15
   5.3249342e-44   4.0737970e+15
   4.9045446e-44   4.1686879e+15
   4.6242849e-44   4.2657891e+15
   4.3440252e-44   4.3651521e+15
   4.0637655e-44   4.4668296e+15
   3.7835059e-44   4.5708754e+15
   3.5032462e-44   4.6773448e+15
   3.2229865e-44   4.7862941e+15
   3.0828566e-44   4.8977812e+15
   2.8025969e-44   5.0118652e+15
   2.6624671e-44   5.1286065e+15
   2.5223372e-44   5.2480671e+15
   2.3822074e-44   5.3703103e+15
   2.1019477e-44   5.4954009e+15
   1.9618179e-44   5.6234052e+15
   1.8216880e-44   5.7543912e+15
   1.8216880e-44   5.8884281e+15
   1.6815582e-44   6.0255872e+15
   1.5414283e-44   6.1659412e+15
   1.4012985e-44   6.3095644e+15
   1.4012985e-44   6.4565330e+15
   1.2611686e-44   6.6069250e+15
   1.1210388e-44   6.7608201e+15
   1.1210388e-44   6.9182998e+15
   9.8090893e-45   7.0794477e+15
   9.8090893e-45   7.2443492e+15
   8.4077908e-45   7.4130918e+15
   8.4077908e-45   7.5857649e+15
   7.0064923e-45   7.7624600e+15
   7.0064923e-45   7.9432709e+15
   7.0064923e-45   8.1282935e+15
   5.6051939e-45   8.3176258e+15
   5.6051939e-45   8.5113681e+15
   5.6051939e-45   8.7096234e+15
   5.6051939e-45   8.9124966e+15
   4.2038954e-45   9.1200953e+15
   4.2038954e-45   9.3325296e+15
   4.2038954e-45   9.5499121e+15
   4.2038954e-45   9.7723581e+15
   4.2038954e-45   9.9999856e+15
   2.8025969e-45   1.0232915e+16
   2.8025969e-45   1.0471270e+16
   2.8025969e-45   1.0715178e+16
   2.8025969e-45   1.0964766e+16
   2.8025969e-45   1.1220168e+16
   2.8025969e-45   1.1481520e+16
   2.8025969e-45   1.1748959e+16
   1.4012985e-45   1.2022627e+16
   1.4012985e-45   1.2302670e+16
   1.4012985e-45   1.2589236e+16
   1.4012985e-45   1.2882477e+16
   1.4012985e-45   1.3182548e+16
   1.4012985e-45   1.3489609e+16
   1.4012985e-45   1.3803823e+16
   1.4012985e-45   1.4125355e+16
   1.4012985e-45   1.4454377e+16
   1.4012985e-45   1.4791062e+16
   1.4012985e-45   1.5135591e+16
   1.4012985e-45   1.5488144e+16
   1.4012985e-45   1.5848909e+16
   1.4012985e-45   1.6218077e+16
   1.4012985e-45   1.6595845e+16
   1.4012985e-45   1.6982412e+16
       0.0000000   1.7377983e+16
       0.0000000   1.7782768e+16
       0.0000000   1.8196982e+16
       0.0000000   1.8620844e+16
       0.0000000   1.9054579e+16
       0.0000000   1.9498418e+16
       0.0000000   1.9952594e+16
       0.0000000   2.0417350e+16
       0.0000000   2.0892931e+16
       0.0000000   2.1379590e+16
       0.0000000   2.1877584e+16
       0.0000000   2.2387179e+16
       0.0000000   2.2908643e+16
       0.0000000   2.3442254e+16
       0.0000000   2.3988294e+16
       0.0000000   2.4547053e+16
       0.0000000   2.5118828e+16
       0.0000000   2.5703920e+16
       0.0000000   2.6302641e+16
       0.0000000   2.6915309e+16
       0.0000000   2.7542247e+16
       0.0000000   2.8183788e+16
       0.0000000   2.8840273e+16
       0.0000000   2.9512049e+16
       0.0000000   3.0199473e+16
       0.0000000   3.0902909e+16
       0.0000000   3.1622730e+16
       0.0000000   3.2359318e+16
       0.0000000   3.3113064e+16
       0.0000000   3.3884366e+16
       0.0000000   3.4673634e+16
       0.0000000   3.5481287e+16
       0.0000000   3.6307752e+16
       0.0000000   3.7153468e+16
       0.0000000   3.8018884e+16
       0.0000000   3.8904457e+16
       0.0000000   3.9810658e+16
       0.0000000   4.0737968e+16
       0.0000000   4.1686877e+16
       0.0000000   4.2657889e+16
       0.0000000   4.3651519e+16
       0.0000000   4.4668293e+16
       0.0000000   4.5708752e+16
       0.0000000   4.6773445e+16
       0.0000000   4.7862939e+16
       0.0000000   4.8977810e+16
       0.0000000   5.0118649e+16
       0.0000000   5.1286063e+16
       0.0000000   5.2480668e+16
       0.0000000   5.3703100e+16
       0.0000000   5.4954006e+16
       0.0000000   5.6234049e+16
       0.0000000   5.7543909e+16
       0.0000000   5.8884278e+16
       0.0000000   6.0255869e+16
       0.0000000   6.1659409e+16
       0.0000000   6.3095641e+16
       0.0000000   6.4565327e+16
       0.0000000   6.6069247e+16
       0.0000000   6.7608197e+16
       0.0000000   6.9182994e+16
       0.0000000   7.0794473e+16
       0.0000000   7.2443488e+16
       0.0000000   7.4130914e+16
       0.0000000   7.5857645e+16
       0.0000000   7.7624596e+16
       0.0000000   7.9432705e+16
       0.0000000   8.1282931e+16
       0.0000000   8.3176253e+16
       0.0000000   8.5113677e+16
       0.0000000   8.7096229e+16
       0.0000000   8.9124961e+16
       0.0000000   9.1200948e+16
       0.0000000   9.3325291e+16
       0.0000000   9.5499116e+16
       0.0000000   9.7723576e+16
       0.0000000   9.9999851e+16
       0.0000000   1.0232915e+17
       0.0000000   1.0471270e+17
       0.0000000   1.0715177e+17
       0.0000000   1.0964766e+17
       0.0000000   1.1220168e+17
       0.0000000   1.1481519e+17
       0.0000000   1.1748958e+17
       0.0000000   1.2022626e+17
       0.0000000   1.2302669e+17
       0.0000000   1.2589235e+17
       0.0000000   1.2882476e+17
       0.0000000   1.3182548e+17
       0.0000000   1.3489609e+17
       0.0000000   1.3803822e+17
       0.0000000   1.4125354e+17
       0.0000000   1.4454376e+17
       0.0000000   1.4791062e+17
       0.0000000   1.5135590e+17
       0.0000000   1.5488143e+17
       0.0000000   1.5848908e+17
       0.0000000   1.6218077e+17
       0.0000000   1.6595844e+17
       0.0000000   1.6982411e+17
       0.0000000   1.7377982e+17
       0.0000000   1.7782767e+17
       0.0000000   1.8196981e+17
       0.0000000   1.8620843e+17
       0.0000000   1.9054578e+17
       0.0000000   1.9498417e+17
       0.0000000   1.9952593e+17
       0.0000000   2.0417349e+17
       0.0000000   2.0892930e+17
       0.0000000   2.1379589e+17
       0.0000000   2.1877583e+17
       0.0000000   2.2387178e+17
       0.0000000   2.2908642e+17
       0.0000000   2.3442253e+17
       0.0000000   2.3988293e+17
       0.0000000   2.4547052e+17
       0.0000000   2.5118826e+17
       0.0000000   2.5703919e+17
       0.0000000   2.6302640e+17
       0.0000000   2.6915307e+17
       0.0000000   2.7542245e+17
       0.0000000   2.8183787e+17
       0.0000000   2.8840271e+17
       0.0000000   2.9512048e+17
       0.0000000   3.0199471e+17
       0.0000000   3.0902907e+17
       0.0000000   3.1622729e+17
       0.0000000   3.2359317e+17
       0.0000000   3.3113062e+17
       0.0000000   3.3884364e+17
       0.0000000   3.4673632e+17
       0.0000000   3.5481285e+17
       0.0000000   3.6307750e+17
       0.0000000   3.7153466e+17
       0.0000000   3.8018882e+17
       0.0000000   3.8904455e+17
       0.0000000   3.9810656e+17
       0.0000000   4.0737966e+17
       0.0000000   4.1686875e+17
       0.0000000   4.2657887e+17
       0.0000000   4.3651517e+17
       0.0000000   4.4668291e+17
       0.0000000   4.5708749e+17
       0.0000000   4.6773443e+17
       0.0000000   4.7862936e+17
       0.0000000   4.8977807e+17
       0.0000000   5.0118647e+17
       0.0000000   5.1286060e+17
       0.0000000   5.2480666e+17
       0.0000000   5.3703097e+17
       0.0000000   5.4954003e+17
       0.0000000   5.6234046e+17
       0.0000000   5.7543906e+17
       0.0000000   5.8884275e+17
       0.0000000   6.0255866e+17
       0.0000000   6.1659406e+17
       0.0000000   6.3095638e+17
       0.0000000   6.4565324e+17
       0.0000000   6.6069243e+17
       0.0000000   6.7608194e+17
       0.0000000   6.9182991e+17
       0.0000000   7.0794470e+17
       0.0000000   7.2443485e+17
       0.0000000   7.4130910e+17
       0.0000000   7.5857641e+17
       0.0000000   7.7624592e+17
       0.0000000   7.9432701e+17
       0.0000000   8.1282926e+17
       0.0000000   8.3176249e+17
       0.0000000   8.5113673e+17
       0.0000000   8.7096225e+17
       0.0000000   8.9124956e+17
       0.0000000   9.1200943e+17
       0.0000000   9.3325286e+17
       0.0000000   9.5499111e+17
       0.0000000   9.7723571e+17
       0.0000000   9.9999846e+17
