    0.0461000
     0.282000
     0.697000
     0.964600
     0.817000
   1.0403597e-05   1.0000000e-12
   1.0637571e-05   1.0232930e-12
   1.0876358e-05   1.0471285e-12
   1.1120589e-05   1.0715193e-12
   1.1370503e-05   1.0964782e-12
   1.1625560e-05   1.1220185e-12
   1.1886767e-05   1.1481536e-12
   1.2153962e-05   1.1748976e-12
   1.2426602e-05   1.2022644e-12
   1.2705674e-05   1.2302688e-12
   1.2991395e-05   1.2589254e-12
   1.3282824e-05   1.2882495e-12
   1.3581319e-05   1.3182567e-12
   1.3886317e-05   1.3489629e-12
   1.4198401e-05   1.3803843e-12
   1.4516997e-05   1.4125375e-12
   1.4843063e-05   1.4454398e-12
   1.5176400e-05   1.4791084e-12
   1.5517187e-05   1.5135612e-12
   1.5865986e-05   1.5488166e-12
   1.6222200e-05   1.5848932e-12
   1.6586380e-05   1.6218101e-12
   1.6959064e-05   1.6595869e-12
   1.7340028e-05   1.6982436e-12
   1.7729421e-05   1.7378008e-12
   1.8127768e-05   1.7782794e-12
   1.8534827e-05   1.8197008e-12
   1.8951114e-05   1.8620871e-12
   1.9376752e-05   1.9054607e-12
   1.9811863e-05   1.9498446e-12
   2.0256944e-05   1.9952623e-12
   2.0711721e-05   2.0417379e-12
   2.1177057e-05   2.0892961e-12
   2.1652666e-05   2.1379621e-12
   2.2138640e-05   2.1877616e-12
   2.2636192e-05   2.2387211e-12
   2.3144266e-05   2.2908676e-12
   2.3664064e-05   2.3442288e-12
   2.4195644e-05   2.3988329e-12
   2.4739062e-05   2.4547089e-12
   2.5294737e-05   2.5118864e-12
   2.5862711e-05   2.5703957e-12
   2.6443764e-05   2.6302679e-12
   2.7037542e-05   2.6915347e-12
   2.7644812e-05   2.7542286e-12
   2.8265576e-05   2.8183829e-12
   2.8900584e-05   2.8840314e-12
   2.9549821e-05   2.9512092e-12
   3.0213268e-05   3.0199516e-12
   3.0892017e-05   3.0902954e-12
   3.1585652e-05   3.1622776e-12
   3.2295247e-05   3.2359365e-12
   3.3020369e-05   3.3113111e-12
   3.3762066e-05   3.3884415e-12
   3.4520261e-05   3.4673684e-12
   3.5295605e-05   3.5481338e-12
   3.6088375e-05   3.6307804e-12
   3.6898826e-05   3.7153522e-12
   3.7727583e-05   3.8018938e-12
   3.8574879e-05   3.8904513e-12
   3.9441311e-05   3.9810716e-12
   4.0327093e-05   4.0738027e-12
   4.1232797e-05   4.1686937e-12
   4.2158976e-05   4.2657950e-12
   4.3105807e-05   4.3651582e-12
   4.4073822e-05   4.4668358e-12
   4.5063542e-05   4.5708817e-12
   4.6075827e-05   4.6773513e-12
   4.7110439e-05   4.7863008e-12
   4.8168582e-05   4.8977880e-12
   4.9250350e-05   5.0118722e-12
   5.0356550e-05   5.1286137e-12
   5.1487616e-05   5.2480744e-12
   5.2643951e-05   5.3703178e-12
   5.3826319e-05   5.4954085e-12
   5.5035103e-05   5.6234130e-12
   5.6271027e-05   5.7543991e-12
   5.7535162e-05   5.8884363e-12
   5.8827110e-05   6.0255956e-12
   6.0148272e-05   6.1659498e-12
   6.1499297e-05   6.3095732e-12
   6.2880463e-05   6.4565420e-12
   6.4292741e-05   6.6069342e-12
   6.5736735e-05   6.7608295e-12
   6.7213012e-05   6.9183094e-12
   6.8722853e-05   7.0794575e-12
   7.0266069e-05   7.2443593e-12
   7.1844253e-05   7.4131021e-12
   7.3457893e-05   7.5857754e-12
   7.5107819e-05   7.7624708e-12
   7.6794473e-05   7.9432820e-12
   7.8519355e-05   8.1283048e-12
   8.0282865e-05   8.3176373e-12
   8.2085724e-05   8.5113800e-12
   8.3929364e-05   8.7096355e-12
   8.5814456e-05   8.9125089e-12
   8.7741661e-05   9.1201079e-12
   8.9712317e-05   9.3325425e-12
   9.1727379e-05   9.5499254e-12
   9.3787421e-05   9.7723717e-12
   9.5893694e-05   9.9999995e-12
   9.8047421e-05   1.0232929e-11
   0.00010024945   1.0471285e-11
   0.00010250094   1.0715192e-11
   0.00010480302   1.0964781e-11
   0.00010715679   1.1220184e-11
   0.00010956368   1.1481536e-11
   0.00011202435   1.1748975e-11
   0.00011454016   1.2022644e-11
   0.00011711280   1.2302687e-11
   0.00011974316   1.2589253e-11
   0.00012243251   1.2882495e-11
   0.00012518204   1.3182567e-11
   0.00012799363   1.3489628e-11
   0.00013086805   1.3803842e-11
   0.00013380744   1.4125375e-11
   0.00013681251   1.4454397e-11
   0.00013988531   1.4791083e-11
   0.00014302712   1.5135612e-11
   0.00014623927   1.5488165e-11
   0.00014952364   1.5848931e-11
   0.00015288210   1.6218100e-11
   0.00015631545   1.6595868e-11
   0.00015982619   1.6982435e-11
   0.00016341601   1.7378007e-11
   0.00016708591   1.7782793e-11
   0.00017083857   1.8197007e-11
   0.00017467557   1.8620870e-11
   0.00017859877   1.9054606e-11
   0.00018261001   1.9498445e-11
   0.00018671100   1.9952622e-11
   0.00019090454   2.0417378e-11
   0.00019519223   2.0892960e-11
   0.00019957602   2.1379619e-11
   0.00020405815   2.1877615e-11
   0.00020864142   2.2387210e-11
   0.00021332724   2.2908675e-11
   0.00021811832   2.3442287e-11
   0.00022301698   2.3988327e-11
   0.00022802578   2.4547087e-11
   0.00023314721   2.5118863e-11
   0.00023838339   2.5703956e-11
   0.00024373735   2.6302678e-11
   0.00024921173   2.6915346e-11
   0.00025480872   2.7542285e-11
   0.00026053147   2.8183827e-11
   0.00026638276   2.8840313e-11
   0.00027236555   2.9512090e-11
   0.00027848274   3.0199515e-11
   0.00028473721   3.0902952e-11
   0.00029113231   3.1622774e-11
   0.00029767075   3.2359363e-11
   0.00030435607   3.3113110e-11
   0.00031119178   3.3884413e-11
   0.00031818092   3.4673682e-11
   0.00032532710   3.5481336e-11
   0.00033263353   3.6307803e-11
   0.00034010434   3.7153520e-11
   0.00034774281   3.8018937e-11
   0.00035555288   3.8904511e-11
   0.00036353830   3.9810714e-11
   0.00037170309   4.0738024e-11
   0.00038005115   4.1686935e-11
   0.00038858695   4.2657948e-11
   0.00039731443   4.3651580e-11
   0.00040623755   4.4668355e-11
   0.00041536134   4.5708815e-11
   0.00042469011   4.6773510e-11
   0.00043422839   4.7863005e-11
   0.00044398085   4.8977878e-11
   0.00045395244   5.0118719e-11
   0.00046414786   5.1286134e-11
   0.00047457209   5.2480741e-11
   0.00048523064   5.3703175e-11
   0.00049612846   5.4954082e-11
   0.00050727109   5.6234127e-11
   0.00051866419   5.7543989e-11
   0.00053031300   5.8884360e-11
   0.00054222322   6.0255953e-11
   0.00055440131   6.1659495e-11
   0.00056685269   6.3095729e-11
   0.00057958387   6.4565417e-11
   0.00059260085   6.6069339e-11
   0.00060591009   6.7608291e-11
   0.00061951828   6.9183091e-11
   0.00063343212   7.0794572e-11
   0.00064765860   7.2443589e-11
   0.00066220475   7.4131017e-11
   0.00067707704   7.5857750e-11
   0.00069228379   7.7624704e-11
   0.00070783205   7.9432816e-11
   0.00072372938   8.1283044e-11
   0.00073998363   8.3176369e-11
   0.00075660332   8.5113795e-11
   0.00077359588   8.7096350e-11
   0.00079097023   8.9125085e-11
   0.00080873503   9.1201075e-11
   0.00082689832   9.3325421e-11
   0.00084546994   9.5499249e-11
   0.00086445844   9.7723712e-11
   0.00088387378   9.9999990e-11
   0.00090372487   1.0232929e-10
   0.00092402176   1.0471284e-10
   0.00094477460   1.0715192e-10
   0.00096599339   1.0964781e-10
   0.00098768889   1.1220183e-10
    0.0010098717   1.1481535e-10
    0.0010325527   1.1748974e-10
    0.0010557431   1.2022643e-10
    0.0010794543   1.2302686e-10
    0.0011036979   1.2589253e-10
    0.0011284859   1.2882494e-10
    0.0011538309   1.3182566e-10
    0.0011797450   1.3489627e-10
    0.0012062414   1.3803841e-10
    0.0012333326   1.4125374e-10
    0.0012610322   1.4454396e-10
    0.0012893542   1.4791082e-10
    0.0013183118   1.5135611e-10
    0.0013479204   1.5488164e-10
    0.0013781935   1.5848930e-10
    0.0014091467   1.6218099e-10
    0.0014407949   1.6595867e-10
    0.0014731541   1.6982435e-10
    0.0015062400   1.7378006e-10
    0.0015400692   1.7782792e-10
    0.0015746577   1.8197006e-10
    0.0016100236   1.8620869e-10
    0.0016461833   1.9054605e-10
    0.0016831553   1.9498444e-10
    0.0017209577   1.9952621e-10
    0.0017596092   2.0417377e-10
    0.0017991286   2.0892959e-10
    0.0018395357   2.1379618e-10
    0.0018808502   2.1877614e-10
    0.0019230926   2.2387209e-10
    0.0019662839   2.2908674e-10
    0.0020104449   2.3442285e-10
    0.0020555980   2.3988326e-10
    0.0021017650   2.4547086e-10
    0.0021489693   2.5118861e-10
    0.0021972335   2.5703955e-10
    0.0022465815   2.6302677e-10
    0.0022970382   2.6915345e-10
    0.0023486279   2.7542284e-10
    0.0024013761   2.8183826e-10
    0.0024553093   2.8840311e-10
    0.0025104536   2.9512089e-10
    0.0025668363   3.0199513e-10
    0.0026244856   3.0902950e-10
    0.0026834295   3.1622773e-10
    0.0027436973   3.2359362e-10
    0.0028053187   3.3113108e-10
    0.0028683241   3.3884411e-10
    0.0029327443   3.4673681e-10
    0.0029986114   3.5481334e-10
    0.0030659582   3.6307801e-10
    0.0031348171   3.7153518e-10
    0.0032052225   3.8018935e-10
    0.0032772096   3.8904509e-10
    0.0033508129   3.9810712e-10
    0.0034260696   4.0738022e-10
    0.0035030169   4.1686933e-10
    0.0035816918   4.2657946e-10
    0.0036621338   4.3651577e-10
    0.0037443824   4.4668353e-10
    0.0038284785   4.5708813e-10
    0.0039144629   4.6773508e-10
    0.0040023788   4.7863003e-10
    0.0040922691   4.8977875e-10
    0.0041841785   5.0118716e-10
    0.0042781518   5.1286131e-10
    0.0043742359   5.2480739e-10
    0.0044724778   5.3703172e-10
    0.0045729261   5.4954080e-10
    0.0046756305   5.6234125e-10
    0.0047806418   5.7543986e-10
    0.0048880111   5.8884357e-10
    0.0049977922   6.0255950e-10
    0.0051100389   6.1659491e-10
    0.0052248063   6.3095725e-10
    0.0053421515   6.4565414e-10
    0.0054621319   6.6069335e-10
    0.0055848071   6.7608288e-10
    0.0057102377   6.9183087e-10
    0.0058384854   7.0794568e-10
    0.0059696133   7.2443585e-10
    0.0061036861   7.4131013e-10
    0.0062407702   7.5857746e-10
    0.0063809329   7.7624700e-10
    0.0065242439   7.9432812e-10
    0.0066707735   8.1283039e-10
    0.0068205940   8.3176365e-10
    0.0069737793   8.5113791e-10
    0.0071304049   8.7096346e-10
    0.0072905486   8.9125080e-10
    0.0074542887   9.1201070e-10
    0.0076217060   9.3325416e-10
    0.0077928836   9.5499244e-10
    0.0079679061   9.7723707e-10
    0.0081468588   9.9999985e-10
    0.0083298311   1.0232928e-09
    0.0085169123   1.0471284e-09
    0.0087081958   1.0715191e-09
    0.0089037754   1.0964780e-09
    0.0091037471   1.1220183e-09
    0.0093082106   1.1481534e-09
    0.0095172655   1.1748974e-09
    0.0097310161   1.2022642e-09
    0.0099495677   1.2302686e-09
     0.010173026   1.2589252e-09
     0.010401505   1.2882493e-09
     0.010635115   1.3182565e-09
     0.010873972   1.3489627e-09
     0.011118192   1.3803840e-09
     0.011367898   1.4125373e-09
     0.011623213   1.4454395e-09
     0.011884262   1.4791081e-09
     0.012151172   1.5135610e-09
     0.012424079   1.5488164e-09
     0.012703114   1.5848929e-09
     0.012988416   1.6218098e-09
     0.013280126   1.6595866e-09
     0.013578387   1.6982434e-09
     0.013883348   1.7378005e-09
     0.014195156   1.7782791e-09
     0.014513969   1.8197006e-09
     0.014839942   1.8620868e-09
     0.015173235   1.9054604e-09
     0.015514014   1.9498443e-09
     0.015862446   1.9952620e-09
     0.016218705   2.0417376e-09
     0.016582966   2.0892958e-09
     0.016955405   2.1379617e-09
     0.017336212   2.1877612e-09
     0.017725568   2.2387208e-09
     0.018123671   2.2908673e-09
     0.018530715   2.3442284e-09
     0.018946901   2.3988325e-09
     0.019372433   2.4547085e-09
     0.019807523   2.5118860e-09
     0.020252386   2.5703953e-09
     0.020707238   2.6302675e-09
     0.021172307   2.6915343e-09
     0.021647820   2.7542282e-09
     0.022134013   2.8183824e-09
     0.022631127   2.8840310e-09
     0.023139404   2.9512087e-09
     0.023659097   3.0199512e-09
     0.024190463   3.0902949e-09
     0.024733761   3.1622771e-09
     0.025289264   3.2359360e-09
     0.025857240   3.3113106e-09
     0.026437974   3.3884409e-09
     0.027031751   3.4673679e-09
     0.027638864   3.5481332e-09
     0.028259611   3.6307799e-09
     0.028894300   3.7153516e-09
     0.029543243   3.8018933e-09
     0.030206762   3.8904507e-09
     0.030885182   3.9810710e-09
     0.031578839   4.0738020e-09
     0.032288074   4.1686931e-09
     0.033013243   4.2657944e-09
     0.033754695   4.3651575e-09
     0.034512799   4.4668351e-09
     0.035287928   4.5708810e-09
     0.036080468   4.6773505e-09
     0.036890808   4.7863000e-09
     0.037719347   4.8977873e-09
     0.038566492   5.0118714e-09
     0.039432667   5.1286129e-09
     0.040318295   5.2480736e-09
     0.041223813   5.3703169e-09
     0.042149667   5.4954077e-09
     0.043096319   5.6234122e-09
     0.044064227   5.7543983e-09
     0.045053877   5.8884354e-09
     0.046065751   6.0255947e-09
     0.047100350   6.1659488e-09
     0.048158191   6.3095722e-09
     0.049239784   6.4565410e-09
     0.050345674   6.6069332e-09
     0.051476397   6.7608284e-09
     0.052632518   6.9183083e-09
     0.053814605   7.0794564e-09
     0.055023238   7.2443582e-09
     0.056259017   7.4131009e-09
     0.057522550   7.5857742e-09
     0.058814462   7.7624696e-09
     0.060135391   7.9432808e-09
     0.061485983   8.1283035e-09
     0.062866911   8.3176360e-09
     0.064278856   8.5113787e-09
     0.065722510   8.7096341e-09
     0.067198582   8.9125076e-09
     0.068707816   9.1201065e-09
     0.070250936   9.3325411e-09
     0.071828716   9.5499239e-09
     0.073441938   9.7723702e-09
     0.075091384   9.9999979e-09
     0.076777883   1.0232928e-08
     0.078502253   1.0471283e-08
     0.080265351   1.0715191e-08
     0.082068048   1.0964780e-08
     0.083911233   1.1220182e-08
     0.085795812   1.1481534e-08
     0.087722719   1.1748973e-08
     0.089692906   1.2022642e-08
     0.091707341   1.2302685e-08
     0.093767017   1.2589251e-08
     0.095872954   1.2882493e-08
     0.098026179   1.3182565e-08
      0.10022777   1.3489626e-08
      0.10247881   1.3803840e-08
      0.10478041   1.4125372e-08
      0.10713369   1.4454395e-08
      0.10953983   1.4791081e-08
      0.11200001   1.5135609e-08
      0.11451545   1.5488163e-08
      0.11708737   1.5848928e-08
      0.11971706   1.6218097e-08
      0.12240582   1.6595865e-08
      0.12515496   1.6982433e-08
      0.12796584   1.7378004e-08
      0.13083985   1.7782790e-08
      0.13377841   1.8197005e-08
      0.13678297   1.8620867e-08
      0.13985501   1.9054603e-08
      0.14299604   1.9498442e-08
      0.14620763   1.9952619e-08
      0.14949134   2.0417375e-08
      0.15284880   2.0892957e-08
      0.15628166   2.1379616e-08
      0.15979162   2.1877611e-08
      0.16338041   2.2387206e-08
      0.16704981   2.2908671e-08
      0.17080162   2.3442283e-08
      0.17463769   2.3988324e-08
      0.17855991   2.4547084e-08
      0.18257023   2.5118859e-08
      0.18667062   2.5703952e-08
      0.19086310   2.6302674e-08
      0.19514973   2.6915342e-08
      0.19953264   2.7542281e-08
      0.20401399   2.8183823e-08
      0.20859598   2.8840308e-08
      0.21328089   2.9512085e-08
      0.21807101   3.0199510e-08
      0.22296871   3.0902947e-08
      0.22797641   3.1622769e-08
      0.23309658   3.2359358e-08
      0.23833175   3.3113104e-08
      0.24368450   3.3884408e-08
      0.24915746   3.4673677e-08
      0.25475332   3.5481331e-08
      0.26047489   3.6307797e-08
      0.26632497   3.7153514e-08
      0.27230641   3.8018931e-08
      0.27842218   3.8904505e-08
      0.28467533   3.9810708e-08
      0.29106891   4.0738018e-08
      0.29760608   4.1686928e-08
      0.30429009   4.2657942e-08
      0.31112421   4.3651573e-08
      0.31811181   4.4668349e-08
      0.32525635   4.5708808e-08
      0.33256134   4.6773503e-08
      0.34003040   4.7862998e-08
      0.34766722   4.8977870e-08
      0.35547554   5.0118711e-08
      0.36345926   5.1286126e-08
      0.37162226   5.2480733e-08
      0.37996861   5.3703167e-08
      0.38850239   5.4954074e-08
      0.39722785   5.6234119e-08
      0.40614927   5.7543980e-08
      0.41527104   5.8884351e-08
      0.42459771   6.0255944e-08
      0.43413383   6.1659485e-08
      0.44388413   6.3095719e-08
      0.45385340   6.4565407e-08
      0.46404660   6.6069328e-08
      0.47446871   6.7608281e-08
      0.48512489   6.9183080e-08
      0.49602041   7.0794561e-08
      0.50716060   7.2443578e-08
      0.51855105   7.4131006e-08
      0.53019726   7.5857738e-08
      0.54210508   7.7624692e-08
      0.55428034   7.9432803e-08
      0.56672901   8.1283031e-08
      0.57945728   8.3176356e-08
      0.59247142   8.5113782e-08
      0.60577786   8.7096337e-08
      0.61938316   8.9125071e-08
      0.63329399   9.1201061e-08
      0.64751726   9.3325406e-08
      0.66205996   9.5499234e-08
      0.67692930   9.7723697e-08
      0.69213253   9.9999974e-08
      0.70767725   1.0232927e-07
      0.72357112   1.0471283e-07
      0.73982191   1.0715190e-07
      0.75643772   1.0964779e-07
      0.77342671   1.1220182e-07
      0.79079723   1.1481533e-07
      0.80855787   1.1748972e-07
      0.82671738   1.2022641e-07
      0.84528476   1.2302684e-07
      0.86426920   1.2589251e-07
      0.88367993   1.2882492e-07
      0.90352666   1.3182564e-07
      0.92381912   1.3489625e-07
      0.94456732   1.3803839e-07
      0.96578151   1.4125372e-07
      0.98747212   1.4454394e-07
       1.0096499   1.4791080e-07
       1.0323259   1.5135608e-07
       1.0555110   1.5488162e-07
       1.0792168   1.5848928e-07
       1.1034552   1.6218097e-07
       1.1282378   1.6595865e-07
       1.1535771   1.6982432e-07
       1.1794854   1.7378004e-07
       1.2059757   1.7782789e-07
       1.2330608   1.8197004e-07
       1.2607543   1.8620866e-07
       1.2890698   1.9054602e-07
       1.3180212   1.9498441e-07
       1.3476228   1.9952618e-07
       1.3778892   2.0417374e-07
       1.4088353   2.0892956e-07
       1.4404765   2.1379615e-07
       1.4728284   2.1877610e-07
       1.5059068   2.2387205e-07
       1.5397282   2.2908670e-07
       1.5743091   2.3442282e-07
       1.6096667   2.3988323e-07
       1.6458184   2.4547082e-07
       1.6827819   2.5118857e-07
       1.7205757   2.5703951e-07
       1.7592182   2.6302673e-07
       1.7987287   2.6915341e-07
       1.8391266   2.7542279e-07
       1.8804317   2.8183821e-07
       1.9226644   2.8840307e-07
       1.9658457   2.9512084e-07
       2.0099967   3.0199509e-07
       2.0551395   3.0902946e-07
       2.1012959   3.1622768e-07
       2.1484890   3.2359357e-07
       2.1967421   3.3113103e-07
       2.2460790   3.3884406e-07
       2.2965238   3.4673675e-07
       2.3481014   3.5481329e-07
       2.4008377   3.6307795e-07
       2.4547582   3.7153512e-07
       2.5098896   3.8018929e-07
       2.5662594   3.8904503e-07
       2.6238949   3.9810706e-07
       2.6828251   4.0738016e-07
       2.7430787   4.1686926e-07
       2.8046856   4.2657940e-07
       2.8676760   4.3651571e-07
       2.9320812   4.4668346e-07
       2.9979327   4.5708806e-07
       3.0652633   4.6773500e-07
       3.1341062   4.7862995e-07
       3.2044950   4.8977868e-07
       3.2764645   5.0118709e-07
       3.3500504   5.1286123e-07
       3.4252892   5.2480731e-07
       3.5022178   5.3703164e-07
       3.5808737   5.4954071e-07
       3.6612964   5.6234116e-07
       3.7435253   5.7543977e-07
       3.8276010   5.8884348e-07
       3.9135647   6.0255941e-07
       4.0014591   6.1659482e-07
       4.0913277   6.3095716e-07
       4.1832142   6.4565404e-07
       4.2771645   6.6069325e-07
       4.3732247   6.7608277e-07
       4.4714427   6.9183076e-07
       4.5718660   7.0794557e-07
       4.6745453   7.2443574e-07
       4.7795300   7.4131002e-07
       4.8868728   7.5857735e-07
       4.9966264   7.7624688e-07
       5.1088448   7.9432799e-07
       5.2235832   8.1283027e-07
       5.3408985   8.3176352e-07
       5.4608488   8.5113778e-07
       5.5834928   8.7096332e-07
       5.7088914   8.9125067e-07
       5.8371062   9.1201056e-07
       5.9682002   9.3325401e-07
       6.1022387   9.5499229e-07
       6.2392869   9.7723692e-07
       6.3794136   9.9999969e-07
       6.5226870   1.0232927e-06
       6.6691780   1.0471282e-06
       6.8189588   1.0715190e-06
       6.9721036   1.0964779e-06
       7.1286879   1.1220181e-06
       7.2887883   1.1481533e-06
       7.4524846   1.1748972e-06
       7.6198573   1.2022641e-06
       7.7909884   1.2302684e-06
       7.9659634   1.2589250e-06
       8.1448669   1.2882491e-06
       8.3277893   1.3182563e-06
       8.5148191   1.3489625e-06
       8.7060499   1.3803838e-06
       8.9015751   1.4125371e-06
       9.1014910   1.4454393e-06
       9.3058958   1.4791079e-06
       9.5148926   1.5135608e-06
       9.7285824   1.5488161e-06
       9.9470711   1.5848927e-06
       10.170466   1.6218096e-06
       10.398878   1.6595864e-06
       10.632421   1.6982431e-06
       10.871207   1.7378003e-06
       11.115355   1.7782788e-06
       11.364988   1.8197003e-06
       11.620226   1.8620865e-06
       11.881196   1.9054601e-06
       12.148027   1.9498440e-06
       12.420850   1.9952617e-06
       12.699800   2.0417373e-06
       12.985014   2.0892955e-06
       13.276633   2.1379614e-06
       13.574801   2.1877609e-06
       13.879665   2.2387204e-06
       14.191377   2.2908669e-06
       14.510087   2.3442280e-06
       14.835955   2.3988321e-06
       15.169140   2.4547081e-06
       15.509808   2.5118856e-06
       15.858126   2.5703949e-06
       16.214266   2.6302671e-06
       16.578403   2.6915339e-06
       16.950720   2.7542278e-06
       17.331394   2.8183820e-06
       17.720619   2.8840305e-06
       18.118584   2.9512082e-06
       18.525486   3.0199507e-06
       18.941525   3.0902944e-06
       19.366907   3.1622766e-06
       19.801840   3.2359355e-06
       20.246542   3.3113101e-06
       20.701227   3.3884404e-06
       21.166124   3.4673673e-06
       21.641462   3.5481327e-06
       22.127472   3.6307793e-06
       22.624397   3.7153510e-06
       23.132479   3.8018927e-06
       23.651972   3.8904501e-06
       24.183128   3.9810704e-06
       24.726213   4.0738014e-06
       25.281492   4.1686924e-06
       25.849241   4.2657937e-06
       26.429737   4.3651568e-06
       27.023270   4.4668344e-06
       27.630127   4.5708803e-06
       28.250614   4.6773498e-06
       28.885033   4.7862993e-06
       29.533695   4.8977865e-06
       30.196924   5.0118706e-06
       30.875046   5.1286121e-06
       31.568392   5.2480728e-06
       32.277309   5.3703161e-06
       33.002140   5.4954068e-06
       33.743248   5.6234113e-06
       34.500999   5.7543974e-06
       35.275761   5.8884345e-06
       36.067921   6.0255938e-06
       36.877865   6.1659479e-06
       37.705994   6.3095712e-06
       38.552719   6.4565400e-06
       39.418453   6.6069322e-06
       40.303627   6.7608274e-06
       41.208672   6.9183073e-06
       42.134037   7.0794553e-06
       43.080181   7.2443570e-06
       44.047565   7.4130998e-06
       45.036671   7.5857731e-06
       46.047981   7.7624684e-06
       47.081997   7.9432795e-06
       48.139229   8.1283023e-06
       49.220196   8.3176347e-06
       50.325428   8.5113773e-06
       51.455479   8.7096328e-06
       52.610893   8.9125062e-06
       53.792252   9.1201051e-06
       55.000126   9.3325397e-06
       56.235119   9.5499224e-06
       57.497837   9.7723687e-06
       58.788902   9.9999964e-06
       60.108948   1.0232926e-05
       61.458630   1.0471282e-05
       62.838608   1.0715189e-05
       64.249565   1.0964778e-05
       65.692192   1.1220180e-05
       67.167206   1.1481532e-05
       68.675323   1.1748971e-05
       70.217300   1.2022640e-05
       71.793884   1.2302683e-05
       73.405861   1.2589250e-05
       75.054016   1.2882491e-05
       76.739166   1.3182563e-05
       78.462143   1.3489624e-05
       80.223793   1.3803838e-05
       82.024979   1.4125370e-05
       83.866592   1.4454392e-05
       85.749542   1.4791078e-05
       87.674744   1.5135607e-05
       89.643158   1.5488160e-05
       91.655754   1.5848926e-05
       93.713509   1.6218095e-05
       95.817451   1.6595863e-05
       97.968605   1.6982430e-05
       100.16804   1.7378002e-05
       102.41682   1.7782787e-05
       104.71608   1.8197002e-05
       107.06693   1.8620864e-05
       109.47053   1.9054600e-05
       111.92806   1.9498439e-05
       114.44073   1.9952616e-05
       117.00980   2.0417372e-05
       119.63650   2.0892953e-05
       122.32214   2.1379613e-05
       125.06802   2.1877608e-05
       127.87553   2.2387203e-05
       130.74602   2.2908668e-05
       133.68091   2.3442279e-05
       136.68164   2.3988320e-05
       139.74968   2.4547080e-05
       142.88655   2.5118855e-05
       146.09380   2.5703948e-05
       149.37299   2.6302670e-05
       152.72574   2.6915338e-05
       156.15369   2.7542276e-05
       159.65852   2.8183819e-05
       163.24197   2.8840304e-05
       166.90579   2.9512081e-05
       170.65179   3.0199506e-05
       174.48180   3.0902942e-05
       178.39769   3.1622764e-05
       182.40141   3.2359353e-05
       186.49492   3.3113099e-05
       190.68021   3.3884402e-05
       194.95935   3.4673672e-05
       199.33443   3.5481325e-05
       203.80762   3.6307791e-05
       208.38109   3.7153508e-05
       213.05711   3.8018925e-05
       217.83795   3.8904499e-05
       222.72597   3.9810701e-05
       227.72356   4.0738012e-05
       232.83318   4.1686922e-05
       238.05733   4.2657935e-05
       243.39857   4.3651566e-05
       248.85953   4.4668342e-05
       254.44286   4.5708801e-05
       260.15134   4.6773496e-05
       265.98773   4.7862990e-05
       271.95490   4.8977863e-05
       278.05576   5.0118704e-05
       284.29333   5.1286118e-05
       290.67065   5.2480725e-05
       297.19086   5.3703158e-05
       303.85709   5.4954065e-05
       310.67267   5.6234110e-05
       317.64093   5.7543971e-05
       324.76523   5.8884342e-05
       332.04910   6.0255934e-05
       339.49609   6.1659475e-05
       347.10983   6.3095709e-05
       354.89404   6.4565397e-05
       362.85257   6.6069318e-05
       370.98926   6.7608270e-05
       379.30811   6.9183069e-05
       387.81314   7.0794550e-05
       396.50858   7.2443567e-05
       405.39859   7.4130994e-05
       414.48758   7.5857727e-05
       423.77994   7.7624680e-05
       433.28024   7.9432791e-05
       442.99307   8.1283019e-05
       452.92319   8.3176343e-05
       463.07544   8.5113769e-05
       473.45477   8.7096323e-05
       484.06622   8.9125057e-05
       494.91495   9.1201047e-05
       506.00629   9.3325392e-05
       517.34558   9.5499219e-05
       528.93835   9.7723682e-05
       540.79028   9.9999959e-05
       552.90710   0.00010232926
       565.29468   0.00010471281
       577.95905   0.00010715189
       590.90631   0.00010964777
       604.14288   0.00011220180
       617.67505   0.00011481531
       631.50946   0.00011748971
       645.65277   0.00012022639
       660.11188   0.00012302683
       674.89374   0.00012589249
       690.00555   0.00012882490
       705.45459   0.00013182562
       721.24835   0.00013489623
       737.39447   0.00013803837
       753.90070   0.00014125370
       770.77509   0.00014454392
       788.02576   0.00014791078
       805.66095   0.00015135606
       823.68927   0.00015488160
       842.11938   0.00015848925
       860.99860   0.00016218094
       880.32776   0.00016595862
       900.05847   0.00016982429
       920.21722   0.00017378001
       940.87512   0.00017782787
       961.96698   0.00018197001
       983.53485   0.00018620863
       1005.5544   0.00019054599
       1028.1173   0.00019498438
       1051.1012   0.00019952615
       1074.6682   0.00020417371
       1098.7565   0.00020892952
       1123.3285   0.00021379612
       1148.5591   0.00021877607
       1174.2623   0.00022387202
       1200.5393   0.00022908667
       1227.4226   0.00023442278
       1254.9210   0.00023988319
       1283.0387   0.00024547079
       1311.6965   0.00025118853
       1341.1071   0.00025703947
       1371.0753   0.00026302669
       1401.6996   0.00026915336
       1433.0853   0.00027542275
       1465.1896   0.00028183817
       1497.9186   0.00028840302
       1531.3314   0.00029512079
       1565.5243   0.00030199504
       1600.5203   0.00030902941
       1636.3539   0.00031622763
       1672.8555   0.00032359352
       1710.2335   0.00033113098
       1748.4116   0.00033884401
       1787.4086   0.00034673670
       1827.3005   0.00035481323
       1868.0148   0.00036307789
       1909.6686   0.00037153507
       1952.2827   0.00038018923
       1995.6791   0.00038904497
       2040.1226   0.00039810699
       2085.6042   0.00040738010
       2132.0107   0.00041686920
       2179.3713   0.00042657933
       2227.8542   0.00043651564
       2277.3550   0.00044668339
       2328.0566   0.00045708799
       2379.6746   0.00046773493
       2432.5107   0.00047862988
       2486.4849   0.00048977860
       2541.5867   0.00050118701
       2597.9534   0.00051286115
       2655.4917   0.00052480722
       2714.2646   0.00053703156
       2774.4033   0.00054954063
       2835.7134   0.00056234107
       2898.3745   0.00057543968
       2962.3157   0.00058884339
       3027.7437   0.00060255931
       3094.4683   0.00061659472
       3162.6926   0.00063095706
       3232.3218   0.00064565394
       3303.4536   0.00066069315
       3376.0581   0.00067608267
       3450.2139   0.00069183066
       3525.9678   0.00070794546
       3603.3750   0.00072443563
       3682.3025   0.00074130990
       3762.9253   0.00075857723
       3845.1763   0.00077624676
       3929.1543   0.00079432787
       4014.9382   0.00081283014
       4102.4697   0.00083176339
       4191.9097   0.00085113765
       4283.0771   0.00087096319
       4376.0928   0.00089125053
       4471.0405   0.00091201042
       4567.9893   0.00093325387
       4666.9077   0.00095499214
       4767.8354   0.00097723677
       4870.7129   0.00099999954
       4975.6660    0.0010232925
       5082.9658    0.0010471281
       5192.1782    0.0010715188
       5303.7202    0.0010964777
       5417.3169    0.0011220179
       5533.3687    0.0011481531
       5651.4097    0.0011748970
       5772.2456    0.0012022639
       5894.9741    0.0012302682
       6020.0513    0.0012589248
       6147.8091    0.0012882489
       6278.1377    0.0013182561
       6410.6182    0.0013489622
       6545.7324    0.0013803836
       6683.6748    0.0014125369
       6823.9858    0.0014454391
       6966.7344    0.0014791077
       7112.5410    0.0015135605
       7260.6836    0.0015488159
       7411.6240    0.0015848924
       7565.3926    0.0016218093
       7721.7988    0.0016595861
       7881.2192    0.0016982428
       8043.2427    0.0017378000
       8208.5732    0.0017782786
       8376.4912    0.0018197000
       8547.3428    0.0018620862
       8720.9961    0.0019054598
       8897.8271    0.0019498437
       9077.4014    0.0019952614
       9260.3809    0.0020417370
       9446.2051    0.0020892951
       9634.8643    0.0021379611
       9827.0029    0.0021877606
       10021.587    0.0022387201
       10219.912    0.0022908665
       10420.830    0.0023442277
       10625.104    0.0023988318
       10832.205    0.0024547077
       11043.334    0.0025118852
       11256.669    0.0025703945
       11473.365    0.0026302667
       11693.480    0.0026915335
       11916.319    0.0027542274
       12142.640    0.0028183816
       12371.771    0.0028840301
       12603.600    0.0029512078
       12839.411    0.0030199502
       13077.538    0.0030902939
       13319.163    0.0031622761
       13562.892    0.0032359350
       13810.377    0.0033113096
       14060.438    0.0033884399
       14313.855    0.0034673668
       14569.531    0.0035481321
       14828.054    0.0036307788
       15089.388    0.0037153505
       15352.873    0.0038018921
       15619.987    0.0038904495
       15888.684    0.0039810697
       16160.769    0.0040738008
       16434.564    0.0041686918
       16710.430    0.0042657931
       16988.338    0.0043651562
       17269.055    0.0044668337
       17551.158    0.0045708796
       17834.857    0.0046773491
       18120.787    0.0047862985
       18407.961    0.0048977858
       18697.406    0.0050118698
       18987.357    0.0051286113
       19278.734    0.0052480720
       19571.070    0.0053703153
       19863.746    0.0054954060
       20157.945    0.0056234104
       20452.057    0.0057543965
       20746.424    0.0058884336
       21041.156    0.0060255928
       21335.807    0.0061659469
       21629.506    0.0063095703
       21923.596    0.0064565390
       22216.045    0.0066069311
       22507.914    0.0067608263
       22798.199    0.0069183062
       23087.271    0.0070794543
       23373.979    0.0072443559
       23658.953    0.0074130986
       23941.373    0.0075857719
       24220.477    0.0077624672
       24497.277    0.0079432783
       24769.775    0.0081283010
       25039.248    0.0083176335
       25304.637    0.0085113760
       25564.637    0.0087096314
       25819.965    0.0089125048
       26070.715    0.0091201037
       26315.213    0.0093325382
       26553.074    0.0095499210
       26785.354    0.0097723672
       27010.326    0.0099999949
       27229.145     0.010232925
       27438.842     0.010471280
       27640.926     0.010715188
       27834.469     0.010964776
       28020.238     0.011220179
       28196.094     0.011481530
       28361.775     0.011748969
       28517.020     0.012022638
       28659.520     0.012302681
       28790.559     0.012589248
       28908.803     0.012882489
       29012.312     0.013182561
       29101.479     0.013489622
       29176.057     0.013803835
       29235.953     0.014125368
       29281.182     0.014454390
       29312.631     0.014791076
       29330.838     0.015135605
       29336.006     0.015488158
       29328.111     0.015848924
       29308.213     0.016218092
       29277.232     0.016595860
       29233.268     0.016982428
       29175.355     0.017377999
       29102.092     0.017782785
       29010.629     0.018196999
       28900.057     0.018620862
       28767.691     0.019054597
       28612.736     0.019498436
       28433.621     0.019952613
       28228.646     0.020417369
       27999.221     0.020892950
       27746.891     0.021379610
       27471.920     0.021877605
       27177.684     0.022387199
       26863.609     0.022908664
       26531.795     0.023442276
       26184.877     0.023988316
       25823.348     0.024547076
       25449.727     0.025118851
       25064.189     0.025703944
       24668.574     0.026302666
       24266.537     0.026915334
       23857.395     0.027542272
       23442.779     0.028183814
       23025.928     0.028840300
       22606.473     0.029512076
       22185.488     0.030199501
       21763.873     0.030902938
       21342.057     0.031622760
       20918.494     0.032359348
       20492.480     0.033113094
       20064.602     0.033884397
       19633.531     0.034673666
       19200.783     0.035481320
       18764.691     0.036307786
       18324.947     0.037153503
       17886.039     0.038018919
       17451.652     0.038904493
       17025.764     0.039810695
       16612.328     0.040738006
       16213.908     0.041686916
       15834.082     0.042657929
       15474.682     0.043651559
       15138.891     0.044668335
       14827.426     0.045708794
       14537.649     0.046773488
       14267.573     0.047862983
       14013.943     0.048977855
       13774.286     0.050118696
       13547.979     0.051286110
       13329.794     0.052480717
       13120.520     0.053703150
       12917.549     0.054954057
       12718.056     0.056234101
       12520.724     0.057543962
       12322.090     0.058884333
       12119.427     0.060255925
       11912.793     0.061659466
       11698.883     0.063095699
       11475.572     0.064565387
       11241.553     0.066069308
       10996.470     0.067608260
       10738.676     0.069183058
       10466.576     0.070794539
       10182.260     0.072443556
       9883.2734     0.074130983
       9570.6445     0.075857715
       9244.8291     0.077624668
       8906.2549     0.079432779
       8555.7207     0.081283006
       8195.7100     0.083176330
       7834.3442     0.085113756
       7480.2930     0.087096310
       7140.8516     0.089125044
       6821.7778     0.091201032
       6528.0117     0.093325377
       6263.0161     0.095499205
       6029.8306     0.097723667
       5831.4175     0.099999943
       5666.2695      0.10232924
       5525.7842      0.10471280
       5402.2939      0.10715187
       5288.5376      0.10964776
       5178.3174      0.11220178
       5065.1973      0.11481530
       4944.1826      0.11748969
       4810.3608      0.12022637
       4659.6133      0.12302681
       4493.6011      0.12589247
       4319.0576      0.12882488
       4140.4238      0.13182560
       3962.3086      0.13489621
       3788.8604      0.13803835
       3623.2361      0.14125367
       3467.8257      0.14454389
       3325.1089      0.14791075
       3196.1086      0.15135604
       3078.6497      0.15488157
       2970.1650      0.15848923
       2868.0374      0.16218092
       2769.8618      0.16595859
       2674.2654      0.16982427
       2578.8298      0.17377998
       2482.8228      0.17782784
       2384.8765      0.18196998
       2284.9185      0.18620861
       2184.2446      0.19054596
       2084.8455      0.19498435
       1988.0547      0.19952612
       1894.8724      0.20417368
       1805.8878      0.20892949
       1722.3901      0.21379608
       1644.5316      0.21877603
       1573.0723      0.22387198
       1507.2620      0.22908663
       1446.2301      0.23442274
       1389.0737      0.23988315
       1335.0167      0.24547075
       1283.5048      0.25118850
       1233.7557      0.25703943
       1185.5591      0.26302664
       1138.2623      0.26915332
       1091.5215      0.27542271
       1045.5618      0.28183813
       1000.5028      0.28840298
       956.54163      0.29512075
       913.91248      0.30199499
       872.61212      0.30902936
       832.85254      0.31622758
       794.59729      0.32359347
       757.99030      0.33113093
       722.96741      0.33884396
       689.54999      0.34673664
       657.64087      0.35481318
       627.11530      0.36307784
       598.00586      0.37153501
       570.16071      0.38018917
       543.59845      0.38904491
       518.23108      0.39810693
       494.02008      0.40738003
       470.89563      0.41686913
       448.80908      0.42657926
       427.71033      0.43651557
       407.54956      0.44668332
       388.27200      0.45708792
       369.86664      0.46773486
       352.25046      0.47862980
       335.43011      0.48977852
       319.35281      0.50118693
       303.95288      0.51286107
       289.26089      0.52480714
       275.22821      0.53703147
       261.82986      0.54954054
       249.03340      0.56234099
       236.83940      0.57543959
       225.20668      0.58884330
       214.11375      0.60255922
       203.54622      0.61659463
       193.47687      0.63095696
       183.88177      0.64565384
       174.74274      0.66069305
       166.04572      0.67608256
       157.73898      0.69183055
       149.84003      0.70794535
       142.31953      0.72443552
       135.15157      0.74130979
       128.32854      0.75857711
       121.84521      0.77624664
       115.66757      0.79432775
       109.78049      0.81283002
       104.18617      0.83176326
       98.869003      0.85113752
       93.805794      0.87096305
       88.996643      0.89125039
       84.423508      0.91201028
       80.077072      0.93325373
       75.942123      0.95499200
       72.012634      0.97723662
       68.281013      0.99999938
       64.735985       1.0232924
       61.367981       1.0471279
       58.167076       1.0715186
       55.132919       1.0964775
       52.245911       1.1220178
       49.501827       1.1481529
       46.904545       1.1748968
       44.435261       1.2022637
       42.097794       1.2302680
       39.874554       1.2589246
       37.762241       1.2882487
       35.758492       1.3182559
       33.862808       1.3489620
       32.060596       1.3803834
       30.352789       1.4125367
       28.730984       1.4454389
       27.197693       1.4791075
       25.738731       1.5135603
       24.358187       1.5488156
       23.049679       1.5848922
       21.810802       1.6218091
       20.634899       1.6595859
       19.524336       1.6982426
       18.467968       1.7377997
       17.468027       1.7782783
       16.519976       1.8196997
       15.623558       1.8620860
       14.773895       1.9054595
       13.970009       1.9498434
       13.207302       1.9952611
       12.486852       2.0417367
       11.804259       2.0892948
       11.157780       2.1379607
       10.545839       2.1877602
       9.9666700       2.2387197
       9.4190121       2.2908662
       8.9003181       2.3442273
       8.4100351       2.3988314
       7.9458475       2.4547074
       7.5065794       2.5118848
       7.0911775       2.5703941
       6.6985092       2.6302663
       6.3272796       2.6915331
       5.9760280       2.7542269
       5.6434112       2.8183811
       5.3293962       2.8840297
       5.0324812       2.9512073
       4.7515626       3.0199498
       4.4863029       3.0902934
       4.2353401       3.1622756
       3.9982808       3.2359345
       3.7740993       3.3113091
       3.5622494       3.3884394
       3.3623519       3.4673663
       3.1731601       3.5481316
       2.9947960       3.6307782
       2.8258872       3.7153499
       2.6664426       3.8018915
       2.5157752       3.8904489
       2.3736458       3.9810691
       2.2393835       4.0738001
       2.1125669       4.1686911
       1.9928223       4.2657924
       1.8797013       4.3651555
       1.7728117       4.4668330
       1.6720167       4.5708789
       1.5768975       4.6773484
       1.4870589       4.7862978
       1.4023304       4.8977850
       1.3222752       5.0118691
       1.2466277       5.1286105
       1.1754193       5.2480712
       1.1080736       5.3703144
       1.0446130       5.4954051
      0.98474079       5.6234096
      0.92825270       5.7543956
      0.87494302       5.8884327
      0.82460797       6.0255919
      0.77717400       6.1659460
      0.73242253       6.3095693
      0.69021505       6.4565380
      0.65041524       6.6069301
      0.61287522       6.7608253
      0.57745564       6.9183051
      0.54404753       7.0794532
      0.51255459       7.2443548
      0.48288250       7.4130975
      0.45491111       7.5857707
      0.42854393       7.7624660
      0.40364823       7.9432771
      0.38019189       8.1282998
      0.35808119       8.3176322
      0.33725223       8.5113747
      0.31762275       8.7096301
      0.29912022       8.9125034
      0.28168142       9.1201023
      0.26523983       9.3325368
      0.24974844       9.5499195
      0.23515248       9.7723657
      0.22140133       9.9999933
      0.20842940       10.232923
      0.19625187       10.471278
      0.18476395       10.715186
      0.17391653       10.964775
      0.16370438       11.220177
      0.15408541       11.481528
      0.14502813       11.748968
      0.13650660       12.022636
      0.12849350       12.302679
      0.12091223       12.589246
      0.11379571       12.882487
      0.10707355       13.182558
      0.10076099       13.489620
     0.094820172       13.803833
     0.089220941       14.125366
     0.083951235       14.454388
     0.078988738       14.791074
     0.074309938       15.135602
     0.069911137       15.488156
     0.065766759       15.848921
     0.061867539       16.218090
     0.058202285       16.595858
     0.054751258       16.982425
     0.051497526       17.377996
     0.048435070       17.782782
     0.045558225       18.196996
     0.042847138       18.620859
     0.040295098       19.054594
     0.037897985       19.498433
     0.035639871       19.952609
     0.033512477       20.417365
     0.031513698       20.892947
     0.029634457       21.379606
     0.027866386       21.877601
     0.026199361       22.387196
     0.024633205       22.908661
     0.023159320       23.442272
     0.021772200       23.988313
     0.020469807       24.547072
     0.019243486       25.118847
     0.018091036       25.703940
     0.017004842       26.302662
     0.015984843       26.915329
     0.015024309       27.542268
     0.014121597       28.183810
     0.013273336       28.840295
     0.012474964       29.512072
     0.011724592       30.199496
     0.011019234       30.902933
     0.010355265       31.622755
    0.0097310394       32.359343
    0.0091442745       33.113089
    0.0085924473       33.884392
    0.0080738980       34.673661
    0.0075866394       35.481314
    0.0071284771       36.307780
    0.0066971374       37.153497
    0.0062922742       38.018913
    0.0059116916       38.904487
    0.0055536642       39.810689
    0.0052174213       40.737999
    0.0049013626       41.686909
    0.0046041152       42.657922
    0.0043244683       43.651553
    0.0040620193       44.668328
    0.0038154307       45.708787
    0.0035836545       46.773481
    0.0033658871       47.862976
    0.0031611242       48.977847
    0.0029686890       50.118688
    0.0027879914       51.286102
    0.0026180469       52.480709
    0.0024584078       53.703142
    0.0023085605       54.954049
    0.0021678295       56.234093
    0.0020358257       57.543953
    0.0019117893       58.884324
    0.0017952662       60.255916
    0.0016858041       61.659456
    0.0015829781       63.095690
    0.0014863884       64.565377
    0.0013956591       66.069298
    0.0013104370       67.608249
    0.0012303898       69.183048
    0.0011552053       70.794528
    0.0010845900       72.443544
    0.0010182677       74.130971
   0.00095597922       75.857703
   0.00089748058       77.624656
   0.00084254262       79.432767
   0.00079094985       81.282993
   0.00074249983       83.176318
   0.00069700222       85.113743
   0.00065427815       87.096297
   0.00061415951       89.125030
   0.00057648832       91.201018
   0.00054111617       93.325363
   0.00050790346       95.499190
   0.00047671917       97.723652
   0.00044744008       99.999928
   0.00041995040       102.32923
   0.00039414139       104.71278
   0.00036991088       107.15185
   0.00034716283       109.64774
   0.00032580699       112.20176
   0.00030575864       114.81528
   0.00028693819       117.48967
   0.00026927076       120.22636
   0.00025268609       123.02679
   0.00023711821       125.89245
   0.00022250504       128.82486
   0.00020878838       131.82558
   0.00019591347       134.89619
   0.00018382895       138.03833
   0.00017248650       141.25365
   0.00016184080       144.54387
   0.00015184925       147.91073
   0.00014247186       151.35601
   0.00013367106       154.88155
   0.00012541155       158.48920
   0.00011766022       162.18089
   0.00011038593       165.95857
   0.00010355948       169.82424
   9.7153417e-05       173.77996
   9.1141970e-05       177.82781
   8.5500949e-05       181.96995
   8.0207625e-05       186.20858
   7.5240670e-05       190.54593
   7.0580056e-05       194.98432
   6.6206958e-05       199.52608
   6.2103732e-05       204.17364
   5.8253798e-05       208.92946
   5.4641583e-05       213.79605
   5.1252471e-05       218.77600
   4.8072747e-05       223.87195
   4.5089528e-05       229.08660
   4.2290721e-05       234.42271
   3.9664978e-05       239.88311
   3.7201640e-05       245.47071
   3.4890701e-05       251.18846
   3.2722779e-05       257.03939
   3.0689058e-05       263.02660
   2.8781260e-05       269.15328
   2.6991624e-05       275.42267
   2.5312860e-05       281.83808
   2.3738126e-05       288.40294
   2.2261003e-05       295.12070
   2.0875465e-05       301.99495
   1.9575853e-05       309.02931
   1.8356861e-05       316.22753
   1.7213508e-05       323.59342
   1.6141117e-05       331.13087
   1.5135303e-05       338.84390
   1.4191946e-05       346.73659
   1.3307184e-05       354.81312
   1.2477391e-05       363.07778
   1.1699165e-05       371.53495
   1.0969312e-05       380.18911
   1.0284838e-05       389.04485
   9.6429303e-06       398.10687
   9.0409530e-06       407.37997
   8.4764306e-06       416.86907
   7.9470410e-06       426.57920
   7.4506061e-06       436.51550
   6.9850812e-06       446.68326
   6.5485488e-06       457.08784
   6.1392097e-06       467.73479
   5.7553757e-06       478.62973
   5.3954632e-06       489.77845
   5.0579870e-06       501.18685
   4.7415524e-06       512.86100
   4.4448529e-06       524.80706
   4.1666613e-06       537.03139
   3.9058268e-06       549.54046
   3.6612705e-06       562.34090
   3.4319798e-06       575.43950
   3.2170053e-06       588.84321
   3.0154556e-06       602.55913
   2.8264951e-06       616.59453
   2.6493403e-06       630.95686
   2.4832561e-06       645.65374
   2.3275527e-06       660.69294
   2.1815833e-06       676.08246
   2.0447414e-06       691.83044
   1.9164581e-06       707.94524
   1.7961997e-06       724.43541
   1.6834659e-06       741.30967
   1.5777873e-06       758.57699
   1.4787238e-06       776.24652
   1.3858624e-06       794.32763
   1.2988162e-06       812.82989
   1.2172220e-06       831.76313
   1.1407395e-06       851.13738
   1.0690494e-06       870.96292
   1.0018522e-06       891.25025
   9.3886729e-07       912.01014
   8.7983130e-07       933.25358
   8.2449748e-07       954.99185
   7.7263422e-07       977.23647
   7.2402463e-07       999.99923
   6.7846509e-07       1023.2922
   6.3576476e-07       1047.1277
   5.9574478e-07       1071.5185
   5.5823733e-07       1096.4773
   5.2308513e-07       1122.0176
   4.9014074e-07       1148.1527
   4.5926583e-07       1174.8966
   4.3033080e-07       1202.2635
   4.0321407e-07       1230.2678
   3.7780174e-07       1258.9244
   3.5398693e-07       1288.2485
   3.3166953e-07       1318.2557
   3.1075561e-07       1348.9618
   2.9115716e-07       1380.3832
   2.7279165e-07       1412.5364
   2.5558174e-07       1445.4386
   2.3945489e-07       1479.1072
   2.2434315e-07       1513.5601
   2.1018278e-07       1548.8154
   1.9691403e-07       1584.8920
   1.8448091e-07       1621.8088
   1.7283095e-07       1659.5856
   1.6191491e-07       1698.2423
   1.5168671e-07       1737.7995
   1.4210309e-07       1778.2780
   1.3312355e-07       1819.6994
   1.2471011e-07       1862.0857
   1.1682716e-07       1905.4592
   1.0944134e-07       1949.8431
   1.0252138e-07       1995.2607
   9.6037958e-08       2041.7363
   8.9963613e-08       2089.2945
   8.4272600e-08       2137.9604
   7.8940772e-08       2187.7599
   7.3945536e-08       2238.7194
   6.9265674e-08       2290.8658
   6.4881334e-08       2344.2270
   6.0773900e-08       2398.8310
   5.6925920e-08       2454.7070
   5.3321045e-08       2511.8844
   4.9943953e-08       2570.3937
   4.6780286e-08       2630.2659
   4.3816584e-08       2691.5327
   4.1040241e-08       2754.2265
   3.8439435e-08       2818.3807
   3.6003101e-08       2884.0292
   3.3720852e-08       2951.2069
   3.1582971e-08       3019.9493
   2.9580347e-08       3090.2930
   2.7704440e-08       3162.2751
   2.5947250e-08       3235.9340
   2.4301281e-08       3311.3086
   2.2759510e-08       3388.4389
   2.1315353e-08       3467.3657
   1.9962645e-08       3548.1311
   1.8695607e-08       3630.7776
   1.7508826e-08       3715.3493
   1.6397228e-08       3801.8909
   1.5356063e-08       3890.4483
   1.4380875e-08       3981.0685
   1.3467494e-08       4073.7995
   1.2612010e-08       4168.6905
   1.1810761e-08       4265.7918
   1.1060316e-08       4365.1548
   1.0357461e-08       4466.8323
   9.6991828e-09       4570.8782
   9.0826617e-09       4677.3476
   8.5052534e-09       4786.2971
   7.9644824e-09       4897.7842
   7.4580280e-09       5011.8683
   6.9837180e-09       5128.6097
   6.5395152e-09       5248.0704
   6.1235133e-09       5370.3136
   5.7339249e-09       5495.4043
   5.3690763e-09       5623.4087
   5.0274003e-09       5754.3947
   4.7074269e-09       5888.4318
   4.4077813e-09       6025.5910
   4.1271746e-09       6165.9450
   3.8643986e-09       6309.5683
   3.6183234e-09       6456.5370
   3.3878891e-09       6606.9291
   3.1721037e-09       6760.8242
   2.9700378e-09       6918.3041
   2.7808205e-09       7079.4521
   2.6036364e-09       7244.3537
   2.4377220e-09       7413.0964
   2.2823619e-09       7585.7696
   2.1368856e-09       7762.4648
   2.0006654e-09       7943.2758
   1.8731141e-09       8128.2985
   1.7536804e-09       8317.6309
   1.6418490e-09       8511.3734
   1.5371368e-09       8709.6288
   1.4390913e-09       8912.5021
   1.3472889e-09       9120.1009
   1.2613328e-09       9332.5353
   1.1808515e-09       9549.9180
   1.1054967e-09       9772.3642
   1.0349426e-09       9999.9918
   9.6888364e-10       10232.921
   9.0703428e-10       10471.277
   8.4912655e-10       10715.184
   7.9490969e-10       10964.773
   7.4414891e-10       11220.175
   6.9662431e-10       11481.527
   6.5212985e-10       11748.966
   6.1047273e-10       12022.634
   5.7147231e-10       12302.678
   5.3495941e-10       12589.244
   5.0077575e-10       12882.485
   4.6877285e-10       13182.556
   4.3881196e-10       13489.618
   4.1076290e-10       13803.831
   3.8450396e-10       14125.364
   3.5992101e-10       14454.386
   3.3690731e-10       14791.072
   3.1536282e-10       15135.600
   2.9519395e-10       15488.153
   2.7631294e-10       15848.919
   2.5863775e-10       16218.087
   2.4209149e-10       16595.855
   2.2660213e-10       16982.422
   2.1210229e-10       17377.994
   1.9852887e-10       17782.779
   1.8582277e-10       18196.993
   1.7392866e-10       18620.856
   1.6279472e-10       19054.591
   1.5237245e-10       19498.430
   1.4261643e-10       19952.606
   1.3348414e-10       20417.362
   1.2493577e-10       20892.944
   1.1693405e-10       21379.603
   1.0944404e-10       21877.598
   1.0243310e-10       22387.193
   9.5870631e-11       22908.657
   8.9727982e-11       23442.268
   8.3978345e-11       23988.309
   7.8596601e-11       24547.068
   7.3559256e-11       25118.843
   6.8844305e-11       25703.936
   6.4431141e-11       26302.658
   6.0300473e-11       26915.325
   5.6434250e-11       27542.264
   5.2815568e-11       28183.805
   4.9428597e-11       28840.291
   4.6258528e-11       29512.067
   4.3291485e-11       30199.492
   4.0514491e-11       30902.928
   3.7915383e-11       31622.750
   3.5482787e-11       32359.338
   3.3206049e-11       33113.084
   3.1075201e-11       33884.387
   2.9080903e-11       34673.656
   2.7214422e-11       35481.309
   2.5467572e-11       36307.775
   2.3832701e-11       37153.491
   2.2302641e-11       38018.907
   2.0870678e-11       38904.481
   1.9530535e-11       39810.683
   1.8276332e-11       40737.993
   1.7102564e-11       41686.903
   1.6004082e-11       42657.915
   1.4976062e-11       43651.546
   1.4013990e-11       44668.321
   1.3113643e-11       45708.780
   1.2271065e-11       46773.474
   1.1482555e-11       47862.968
   1.0744648e-11       48977.840
   1.0054101e-11       50118.680
   9.4078781e-12       51286.094
   8.8031379e-12       52480.701
   8.2372225e-12       53703.133
   7.7076409e-12       54954.040
   7.2120643e-12       56234.084
   6.7483120e-12       57543.944
   6.3143427e-12       58884.315
   5.9082465e-12       60255.907
   5.5282354e-12       61659.447
   5.1726366e-12       63095.680
   4.8398828e-12       64565.367
   4.5285091e-12       66069.288
   4.2371432e-12       67608.239
   3.9645010e-12       69183.037
   3.7093809e-12       70794.517
   3.4706584e-12       72443.533
   3.2472809e-12       74130.960
   3.0382630e-12       75857.692
   2.8426831e-12       77624.644
   2.6596783e-12       79432.754
   2.4884407e-12       81282.981
   2.3282149e-12       83176.305
   2.1782936e-12       85113.730
   2.0380149e-12       87096.283
   1.9067595e-12       89125.016
   1.7839477e-12       91201.004
   1.6690367e-12       93325.349
   1.5615190e-12       95499.175
   1.4609196e-12       97723.637
   1.3667937e-12       99999.913
   1.2787255e-12       102329.21
   1.1963253e-12       104712.76
   1.1192289e-12       107151.84
   1.0470954e-12       109647.72
   9.7960550e-13       112201.75
   9.1646081e-13       114815.26
   8.5738182e-13       117489.65
   8.0210702e-13       120226.34
   7.5039183e-13       123026.77
   7.0200725e-13       125892.43
   6.5673899e-13       128824.84
   6.1438663e-13       131825.56
   5.7476251e-13       134896.17
   5.3769109e-13       138038.30
   5.0300817e-13       141253.63
   4.7055995e-13       144543.85
   4.4020267e-13       147910.71
   4.1180172e-13       151355.99
   3.8523118e-13       154881.52
   3.6037319e-13       158489.18
   3.3711751e-13       162180.87
   3.1536096e-13       165958.54
   2.9500705e-13       169824.21
   2.7596542e-13       173779.93
   2.5815157e-13       177827.78
   2.4148641e-13       181969.92
   2.2589595e-13       186208.55
   2.1131098e-13       190545.90
   1.9766670e-13       194984.29
   1.8490251e-13       199526.05
   1.7296172e-13       204173.61
   1.6179125e-13       208929.43
   1.5134146e-13       213796.02
   1.4156593e-13       218775.97
   1.3242117e-13       223871.91
   1.2386655e-13       229086.56
   1.1586400e-13       234422.67
   1.0837795e-13       239883.08
   1.0137509e-13       245470.67
   9.4824261e-14       251188.42
   8.8696330e-14       257039.35
   8.2964011e-14       263026.56
   7.7601798e-14       269153.24
   7.2585818e-14       275422.62
   6.7893743e-14       281838.04
   6.3504669e-14       288402.89
   5.9399053e-14       295120.66
   5.5558612e-14       301994.90
   5.1966230e-14       309029.27
   4.8605905e-14       316227.48
   4.5462657e-14       323593.37
   4.2522484e-14       331130.82
   3.9772276e-14       338843.85
   3.7199769e-14       346736.54
   3.4793498e-14       354813.07
   3.2542728e-14       363077.73
   3.0437421e-14       371534.89
   2.8468181e-14       380189.05
   2.6626232e-14       389044.79
   2.4903346e-14       398106.81
   2.3291837e-14       407379.91
   2.1784513e-14       416869.01
   2.0374644e-14       426579.13
   1.9055936e-14       436515.44
   1.7822498e-14       446683.19
   1.6668824e-14       457087.77
   1.5589762e-14       467734.72
   1.4580488e-14       478629.66
   1.3636494e-14       489778.37
   1.2753562e-14       501186.78
   1.1927745e-14       512860.92
   1.1155354e-14       524806.98
   1.0432934e-14       537031.31
   9.7572563e-15       549540.37
   9.1252985e-15       562340.81
   8.5342347e-15       575439.41
   7.9814212e-15       588843.12
   7.4643847e-15       602559.03
   6.9808123e-15       616594.44
   6.5285399e-15       630956.77
   6.1055435e-15       645653.64
   5.7099300e-15       660692.84
   5.3399278e-15       676082.35
   4.9938809e-15       691830.34
   4.6702394e-15       707945.13
   4.3675543e-15       724435.29
   4.0844695e-15       741309.56
   3.8197171e-15       758576.88
   3.5721112e-15       776246.40
   3.3405421e-15       794327.50
   3.1239721e-15       812829.77
   2.9214304e-15       831763.00
   2.7320093e-15       851137.25
   2.5548595e-15       870962.79
   2.3891869e-15       891250.11
   2.2342485e-15       912010.00
   2.0893493e-15       933253.44
   1.9538395e-15       954991.70
   1.8271113e-15       977236.32
   1.7085958e-15       999999.07
   1.5977614e-15       1023292.0
   1.4941109e-15       1047127.6
   1.3971788e-15       1071518.3
   1.3065301e-15       1096477.2
   1.2217579e-15       1122017.4
   1.1424814e-15       1148152.6
   1.0683449e-15       1174896.5
   9.9901512e-16       1202263.3
   9.3418088e-16       1230267.6
   8.7355090e-16       1258924.2
   8.1685269e-16       1288248.4
   7.6383155e-16       1318255.5
   7.1424920e-16       1348961.6
   6.6788283e-16       1380383.0
   6.2452396e-16       1412536.2
   5.8397771e-16       1445438.4
   5.4606181e-16       1479107.0
   5.1060570e-16       1513559.8
   4.7744997e-16       1548815.2
   4.4644550e-16       1584891.7
   4.1745278e-16       1621808.6
   3.9034142e-16       1659585.4
   3.6498944e-16       1698242.1
   3.4128273e-16       1737799.2
   3.1911463e-16       1778277.7
   2.9838536e-16       1819699.1
   2.7900159e-16       1862085.4
   2.6087606e-16       1905458.9
   2.4392720e-16       1949842.8
   2.2807860e-16       1995260.4
   2.1325898e-16       2041736.0
   1.9940153e-16       2089294.2
   1.8644385e-16       2137960.1
   1.7432757e-16       2187759.6
   1.6299808e-16       2238719.0
   1.5240434e-16       2290865.5
   1.4249860e-16       2344226.6
   1.3323622e-16       2398830.6
   1.2457545e-16       2454706.6
   1.1647723e-16       2511884.1
   1.0890506e-16       2570393.3
   1.0182480e-16       2630265.5
   9.5204505e-17       2691532.3
   8.9014322e-17       2754226.1
   8.3226327e-17       2818380.3
   7.7814415e-17       2884028.8
   7.2754161e-17       2951206.4
   6.8022741e-17       3019948.8
   6.3598794e-17       3090292.5
   5.9462355e-17       3162274.6
   5.5594756e-17       3235933.5
   5.1978534e-17       3311308.1
   4.8597367e-17       3388438.3
   4.5435982e-17       3467365.2
   4.2480109e-17       3548130.5
   3.9716396e-17       3630777.1
   3.7132363e-17       3715348.7
   3.4716330e-17       3801890.3
   3.2457386e-17       3890447.7
   3.0345326e-17       3981067.9
   2.8370608e-17       4073798.9
   2.6524302e-17       4168689.8
   2.4798067e-17       4265791.1
   2.3184099e-17       4365154.1
   2.1675103e-17       4466831.6
   2.0264256e-17       4570877.5
   1.8945177e-17       4677346.9
   1.7711906e-17       4786296.3
   1.6558859e-17       4897783.5
   1.5480826e-17       5011867.5
   1.4472928e-17       5128608.9
   1.3530605e-17       5248069.5
   1.2649596e-17       5370312.8
   1.1825912e-17       5495403.4
   1.1055826e-17       5623407.8
   1.0335853e-17       5754393.8
   9.6627343e-18       5888430.9
   9.0334236e-18       6025590.0
   8.4450707e-18       6165944.1
   7.8950121e-18       6309567.3
   7.3807564e-18       6456536.0
   6.8999763e-18       6606928.1
   6.4504930e-18       6760823.2
   6.0302712e-18       6918303.0
   5.6374067e-18       7079451.0
   5.2701203e-18       7244352.6
   4.9267477e-18       7413095.2
   4.6057326e-18       7585768.4
   4.3056203e-18       7762463.6
   4.0250509e-18       7943274.6
   3.7627528e-18       8128297.3
   3.5175368e-18       8317629.6
   3.2882907e-18       8511372.1
   3.0739756e-18       8709627.4
   2.8736197e-18       8912500.7
   2.6863143e-18       9120099.5
   2.5112097e-18       9332533.9
   2.3475121e-18       9549916.5
   2.1944785e-18       9772362.7
   2.0514147e-18       9999990.2
   1.9176718e-18       10232920.
   1.7926431e-18       10471275.
   1.6757607e-18       10715183.
   1.5664944e-18       10964771.
   1.4643482e-18       11220174.
   1.3688586e-18       11481525.
   1.2795920e-18       11748964.
   1.1961430e-18       12022633.
   1.1181328e-18       12302676.
   1.0452072e-18       12589242.
   9.7703493e-19       12882483.
   9.1330635e-19       13182554.
   8.5373202e-19       13489616.
   7.9804131e-19       13803829.
   7.4598125e-19       14125362.
   6.9731522e-19       14454383.
   6.5182215e-19       14791069.
   6.0929524e-19       15135598.
   5.6954130e-19       15488151.
   5.3237954e-19       15848916.
   4.9764106e-19       16218085.
   4.6516802e-19       16595853.
   4.3481266e-19       16982420.
   4.0643700e-19       17377991.
   3.7991206e-19       17782776.
   3.5511717e-19       18196991.
   3.3193954e-19       18620853.
   3.1027377e-19       19054588.
   2.9002131e-19       19498427.
   2.7108999e-19       19952603.
   2.5339373e-19       20417359.
   2.3685195e-19       20892941.
   2.2138941e-19       21379600.
   2.0693575e-19       21877594.
   1.9342515e-19       22387189.
   1.8079614e-19       22908654.
   1.6899123e-19       23442265.
   1.5795665e-19       23988305.
   1.4764219e-19       24547065.
   1.3800087e-19       25118839.
   1.2898879e-19       25703932.
   1.2056490e-19       26302654.
   1.1269085e-19       26915321.
   1.0533074e-19       27542259.
   9.8451075e-20       28183801.
   9.2020502e-20       28840286.
   8.6009723e-20       29512063.
   8.0391344e-20       30199487.
   7.5139775e-20       30902923.
   7.0231066e-20       31622745.
   6.5642856e-20       32359333.
   6.1354228e-20       33113079.
   5.7345627e-20       33884382.
   5.3598793e-20       34673650.
   5.0096630e-20       35481303.
   4.6823172e-20       36307769.
   4.3763496e-20       37153485.
   4.0903648e-20       38018901.
   3.8230579e-20       38904475.
   3.5732102e-20       39810677.
   3.3396819e-20       40737987.
   3.1214077e-20       41686896.
   2.9173917e-20       42657909.
   2.7267030e-20       43651539.
   2.5484717e-20       44668314.
   2.3818840e-20       45708773.
   2.2261800e-20       46773467.
   2.0806491e-20       47862961.
   1.9446267e-20       48977832.
   1.8174921e-20       50118673.
   1.6986647e-20       51286086.
   1.5876023e-20       52480693.
   1.4837974e-20       53703125.
   1.3867762e-20       54954032.
   1.2960956e-20       56234075.
   1.2113415e-20       57543935.
   1.1321266e-20       58884306.
   1.0580894e-20       60255897.
   9.8889127e-21       61659437.
   9.2421641e-21       63095670.
   8.6376914e-21       64565357.
   8.0727335e-21       66069277.
   7.5447071e-21       67608229.
   7.0512018e-21       69183026.
   6.5899597e-21       70794506.
   6.1588734e-21       72443522.
   5.7559726e-21       74130948.
   5.3794156e-21       75857680.
   5.0274802e-21       77624632.
   4.6985579e-21       79432742.
   4.3911440e-21       81282968.
   4.1038337e-21       83176292.
   3.8353122e-21       85113717.
   3.5843517e-21       87096270.
   3.3498044e-21       89125002.
   3.1305973e-21       91200990.
   2.9257277e-21       93325334.
   2.7342584e-21       95499160.
   2.5553132e-21       97723622.
   2.3880735e-21       99999897.
   2.2317737e-21   1.0232919e+08
   2.0856986e-21   1.0471275e+08
   1.9491798e-21   1.0715182e+08
   1.8215927e-21   1.0964771e+08
   1.7023526e-21   1.1220173e+08
   1.5909142e-21   1.1481524e+08
   1.4867672e-21   1.1748963e+08
   1.3894346e-21   1.2022632e+08
   1.2984709e-21   1.2302675e+08
   1.2134596e-21   1.2589241e+08
   1.1340113e-21   1.2882482e+08
   1.0597622e-21   1.3182554e+08
   9.9037208e-22   1.3489615e+08
   9.2552332e-22   1.3803828e+08
   8.6491871e-22   1.4125361e+08
   8.0828077e-22   1.4454383e+08
   7.5534984e-22   1.4791069e+08
   7.0588354e-22   1.5135597e+08
   6.5965508e-22   1.5488150e+08
   6.1645277e-22   1.5848915e+08
   5.7607849e-22   1.6218084e+08
   5.3834726e-22   1.6595852e+08
   5.0308616e-22   1.6982419e+08
   4.7013348e-22   1.7377990e+08
   4.3933827e-22   1.7782776e+08
   4.1055929e-22   1.8196990e+08
   3.8366461e-22   1.8620852e+08
   3.5853089e-22   1.9054587e+08
   3.3504293e-22   1.9498426e+08
   3.1309299e-22   1.9952602e+08
   2.9258038e-22   2.0417358e+08
   2.7341109e-22   2.0892939e+08
   2.5549713e-22   2.1379599e+08
   2.3875636e-22   2.1877593e+08
   2.2311200e-22   2.2387188e+08
   2.0849224e-22   2.2908653e+08
   1.9483003e-22   2.3442264e+08
   1.8206267e-22   2.3988304e+08
   1.7013160e-22   2.4547063e+08
   1.5898204e-22   2.5118838e+08
   1.4856283e-22   2.5703931e+08
   1.3882617e-22   2.6302652e+08
   1.2972734e-22   2.6915320e+08
   1.2122460e-22   2.7542258e+08
   1.1327890e-22   2.8183800e+08
   1.0585377e-22   2.8840285e+08
   9.8915124e-23   2.9512061e+08
   9.2431097e-23   3.0199485e+08
   8.6371914e-23   3.0902922e+08
   8.0709760e-23   3.1622743e+08
   7.5418624e-23   3.2359332e+08
   7.0474214e-23   3.3113077e+08
   6.5853812e-23   3.3884380e+08
   6.1536193e-23   3.4673648e+08
   5.7501529e-23   3.5481301e+08
   5.3731292e-23   3.6307767e+08
   5.0208144e-23   3.7153484e+08
   4.6915912e-23   3.8018899e+08
   4.3839462e-23   3.8904473e+08
   4.0964657e-23   3.9810675e+08
   3.8278289e-23   4.0737985e+08
   3.5768011e-23   4.1686894e+08
   3.3422285e-23   4.2657907e+08
   3.1230328e-23   4.3651537e+08
   2.9182066e-23   4.4668312e+08
   2.7268085e-23   4.5708770e+08
   2.5479582e-23   4.6773464e+08
   2.3808336e-23   4.7862958e+08
   2.2246665e-23   4.8977830e+08
   2.0787384e-23   5.0118670e+08
   1.9423784e-23   5.1286084e+08
   1.8149596e-23   5.2480690e+08
   1.6958959e-23   5.3703122e+08
   1.5846395e-23   5.4954029e+08
   1.4806788e-23   5.6234072e+08
   1.3835358e-23   5.7543932e+08
   1.2927632e-23   5.8884303e+08
   1.2079437e-23   6.0255894e+08
   1.1286870e-23   6.1659434e+08
   1.0546284e-23   6.3095667e+08
   9.8542706e-24   6.4565354e+08
   9.2076460e-24   6.6069274e+08
   8.6034354e-24   6.7608225e+08
   8.0388563e-24   6.9183023e+08
   7.5113111e-24   7.0794502e+08
   7.0183716e-24   7.2443518e+08
   6.5577684e-24   7.4130945e+08
   6.1273816e-24   7.5857676e+08
   5.7252294e-24   7.7624628e+08
   5.3494606e-24   7.9432738e+08
   4.9983450e-24   8.1282964e+08
   4.6702656e-24   8.3176288e+08
   4.3637119e-24   8.5113712e+08
   4.0772722e-24   8.7096265e+08
   3.8096270e-24   8.9124998e+08
   3.5595439e-24   9.1200986e+08
   3.3258707e-24   9.3325329e+08
   3.1075314e-24   9.5499155e+08
   2.9035201e-24   9.7723617e+08
   2.7128970e-24   9.9999892e+08
   2.5347836e-24   1.0232919e+09
   2.3683594e-24   1.0471274e+09
   2.2128578e-24   1.0715181e+09
   2.0675620e-24   1.0964770e+09
   1.9318026e-24   1.1220172e+09
   1.8049538e-24   1.1481524e+09
   1.6864310e-24   1.1748963e+09
   1.5756880e-24   1.2022631e+09
   1.4722143e-24   1.2302674e+09
   1.3755330e-24   1.2589240e+09
   1.2851983e-24   1.2882482e+09
   1.2007938e-24   1.3182553e+09
   1.1219304e-24   1.3489614e+09
   1.0482444e-24   1.3803828e+09
   9.7939596e-25   1.4125360e+09
   9.1506780e-25   1.4454382e+09
   8.5496321e-25   1.4791068e+09
   7.9880489e-25   1.5135596e+09
   7.4633396e-25   1.5488149e+09
   6.9730832e-25   1.5848915e+09
   6.5150193e-25   1.6218083e+09
   6.0870337e-25   1.6595851e+09
   5.6871527e-25   1.6982418e+09
   5.3135319e-25   1.7377989e+09
   4.9644466e-25   1.7782775e+09
   4.6382867e-25   1.8196989e+09
   4.3335472e-25   1.8620851e+09
   4.0488214e-25   1.9054586e+09
   3.7827961e-25   1.9498425e+09
   3.5342433e-25   1.9952601e+09
   3.3020157e-25   2.0417357e+09
   3.0850417e-25   2.0892938e+09
   2.8823195e-25   2.1379597e+09
   2.6929135e-25   2.1877592e+09
   2.5159493e-25   2.2387187e+09
   2.3506100e-25   2.2908651e+09
   2.1961321e-25   2.3442262e+09
   2.0518026e-25   2.3988303e+09
   1.9169547e-25   2.4547062e+09
   1.7909661e-25   2.5118837e+09
   1.6732547e-25   2.5703930e+09
   1.5632772e-25   2.6302651e+09
   1.4605254e-25   2.6915318e+09
   1.3645250e-25   2.7542257e+09
   1.2748323e-25   2.8183798e+09
   1.1910330e-25   2.8840283e+09
   1.1127403e-25   2.9512060e+09
   1.0395922e-25   3.0199484e+09
   9.7125097e-26   3.0902920e+09
   9.0740075e-26   3.1622742e+09
   8.4774648e-26   3.2359330e+09
   7.9201265e-26   3.3113075e+09
   7.3994161e-26   3.3884378e+09
   6.9129274e-26   3.4673647e+09
   6.4584129e-26   3.5481300e+09
   6.0337709e-26   3.6307765e+09
   5.6370392e-26   3.7153482e+09
   5.2663843e-26   3.8018897e+09
   4.9200925e-26   3.8904471e+09
   4.5965631e-26   3.9810673e+09
   4.2943005e-26   4.0737982e+09
   4.0119071e-26   4.1686892e+09
   3.7480772e-26   4.2657904e+09
   3.5015915e-26   4.3651535e+09
   3.2713094e-26   4.4668309e+09
   3.0561667e-26   4.5708768e+09
   2.8551680e-26   4.6773462e+09
   2.6673843e-26   4.7862956e+09
   2.4919466e-26   4.8977827e+09
   2.3280438e-26   5.0118667e+09
   2.1749176e-26   5.1286081e+09
   2.0318596e-26   5.2480687e+09
   1.8982083e-26   5.3703120e+09
   1.7733451e-26   5.4954026e+09
   1.6566926e-26   5.6234070e+09
   1.5477110e-26   5.7543929e+09
   1.4458961e-26   5.8884300e+09
   1.3507765e-26   6.0255891e+09
   1.2619125e-26   6.1659431e+09
   1.1788926e-26   6.3095664e+09
   1.1013326e-26   6.4565350e+09
   1.0288735e-26   6.6069271e+09
   9.6118010e-27   6.7608222e+09
   8.9793903e-27   6.9183019e+09
   8.3885743e-27   7.0794499e+09
   7.8366197e-27   7.2443515e+09
   7.3209697e-27   7.4130941e+09
   6.8392392e-27   7.5857672e+09
   6.3891959e-27   7.7624624e+09
   5.9687570e-27   7.9432734e+09
   5.5759759e-27   8.1282960e+09
   5.2090334e-27   8.3176283e+09
   4.8662306e-27   8.5113708e+09
   4.5459801e-27   8.7096261e+09
   4.2467980e-27   8.9124993e+09
   3.9672997e-27   9.1200981e+09
   3.7061903e-27   9.3325325e+09
   3.4622601e-27   9.5499151e+09
   3.2343790e-27   9.7723611e+09
   3.0214921e-27   9.9999887e+09
   2.8226129e-27   1.0232918e+10
   2.6368198e-27   1.0471274e+10
   2.4632523e-27   1.0715181e+10
   2.3011059e-27   1.0964770e+10
   2.1496296e-27   1.1220172e+10
   2.0081213e-27   1.1481523e+10
   1.8759255e-27   1.1748962e+10
   1.7524293e-27   1.2022631e+10
   1.6370605e-27   1.2302674e+10
   1.5292843e-27   1.2589240e+10
   1.4286014e-27   1.2882481e+10
   1.3345449e-27   1.3182552e+10
   1.2466790e-27   1.3489613e+10
   1.1645963e-27   1.3803827e+10
   1.0879162e-27   1.4125359e+10
   1.0162834e-27   1.4454381e+10
   9.4936569e-28   1.4791067e+10
   8.8685280e-28   1.5135595e+10
   8.2845485e-28   1.5488149e+10
   7.7390110e-28   1.5848914e+10
   7.2293859e-28   1.6218082e+10
   6.7533099e-28   1.6595850e+10
   6.3085747e-28   1.6982417e+10
   5.8931184e-28   1.7377988e+10
   5.5050136e-28   1.7782774e+10
   5.1424602e-28   1.8196988e+10
   4.8037768e-28   1.8620850e+10
   4.4873917e-28   1.9054585e+10
   4.1918385e-28   1.9498424e+10
   3.9157447e-28   1.9952600e+10
   3.6578304e-28   2.0417356e+10
   3.4168985e-28   2.0892937e+10
   3.1918312e-28   2.1379596e+10
   2.9815841e-28   2.1877591e+10
   2.7851821e-28   2.2387186e+10
   2.6017132e-28   2.2908650e+10
   2.4303264e-28   2.3442261e+10
   2.2702263e-28   2.3988302e+10
   2.1206694e-28   2.4547061e+10
   1.9809621e-28   2.5118835e+10
   1.8504558e-28   2.5703928e+10
   1.7285445e-28   2.6302650e+10
   1.6146626e-28   2.6915317e+10
   1.5082813e-28   2.7542255e+10
   1.4089068e-28   2.8183797e+10
   1.3160776e-28   2.8840282e+10
   1.2293630e-28   2.9512058e+10
   1.1483600e-28   3.0199482e+10
   1.0726928e-28   3.0902919e+10
   1.0020099e-28   3.1622740e+10
   9.3598311e-29   3.2359328e+10
   8.7430581e-29   3.3113074e+10
   8.1669156e-29   3.3884376e+10
   7.6287283e-29   3.4673645e+10
   7.1259956e-29   3.5481298e+10
   6.6563834e-29   3.6307763e+10
   6.2177101e-29   3.7153480e+10
   5.8079379e-29   3.8018895e+10
   5.4251635e-29   3.8904469e+10
   5.0676086e-29   3.9810671e+10
   4.7336117e-29   4.0737980e+10
   4.4216216e-29   4.1686890e+10
   4.1301884e-29   4.2657902e+10
   3.8579585e-29   4.3651532e+10
   3.6036665e-29   4.4668307e+10
   3.3661310e-29   4.5708766e+10
   3.1442479e-29   4.6773460e+10
   2.9369863e-29   4.7862953e+10
   2.7433831e-29   4.8977825e+10
   2.5625383e-29   5.0118665e+10
   2.3936112e-29   5.1286078e+10
   2.2358170e-29   5.2480685e+10
   2.0884222e-29   5.3703117e+10
   1.9507413e-29   5.4954023e+10
   1.8221345e-29   5.6234067e+10
   1.7020040e-29   5.7543926e+10
   1.5897914e-29   5.8884297e+10
   1.4849747e-29   6.0255888e+10
   1.3870666e-29   6.1659428e+10
   1.2956122e-29   6.3095660e+10
   1.2101859e-29   6.4565347e+10
   1.1303906e-29   6.6069267e+10
   1.0558552e-29   6.7608218e+10
   9.8623314e-30   6.9183016e+10
   9.2120058e-30   7.0794495e+10
   8.6045509e-30   7.2443511e+10
   8.0371411e-30   7.4130937e+10
   7.5071372e-30   7.5857668e+10
   7.0120747e-30   7.7624620e+10
   6.5496506e-30   7.9432730e+10
   6.1177127e-30   8.1282956e+10
   5.7142526e-30   8.3176279e+10
   5.3373928e-30   8.5113703e+10
   4.9853806e-30   8.7096256e+10
   4.6565781e-30   8.9124989e+10
   4.3494547e-30   9.1200976e+10
   4.0625822e-30   9.3325320e+10
   3.7946255e-30   9.5499146e+10
   3.5443378e-30   9.7723606e+10
   3.3105536e-30   9.9999882e+10
   3.0921859e-30   1.0232918e+11
   2.8882180e-30   1.0471273e+11
   2.6977005e-30   1.0715180e+11
   2.5197468e-30   1.0964769e+11
   2.3535287e-30   1.1220171e+11
   2.1982724e-30   1.1481523e+11
   2.0532552e-30   1.1748962e+11
   1.9178019e-30   1.2022630e+11
   1.7912821e-30   1.2302673e+11
   1.6731065e-30   1.2589239e+11
   1.5627254e-30   1.2882480e+11
   1.4596245e-30   1.3182552e+11
   1.3633239e-30   1.3489613e+11
   1.2733750e-30   1.3803826e+11
   1.1893593e-30   1.4125359e+11
   1.1108852e-30   1.4454380e+11
   1.0375876e-30   1.4791066e+11
   9.6912494e-31   1.5135594e+11
   9.0517833e-31   1.5488148e+11
   8.4545014e-31   1.5848913e+11
   7.8966203e-31   1.6218082e+11
   7.3755415e-31   1.6595849e+11
   6.8888389e-31   1.6982416e+11
   6.4342442e-31   1.7377988e+11
   6.0096406e-31   1.7782773e+11
   5.6130495e-31   1.8196987e+11
   5.2426239e-31   1.8620849e+11
   4.8966374e-31   1.9054584e+11
   4.5734785e-31   1.9498423e+11
   4.2716407e-31   1.9952599e+11
   3.9897186e-31   2.0417355e+11
   3.7263980e-31   2.0892936e+11
   3.4804521e-31   2.1379595e+11
   3.2507344e-31   2.1877590e+11
   3.0361747e-31   2.2387184e+11
   2.8357732e-31   2.2908649e+11
   2.6485957e-31   2.3442260e+11
   2.4737696e-31   2.3988300e+11
   2.3104805e-31   2.4547060e+11
   2.1579669e-31   2.5118834e+11
   2.0155179e-31   2.5703927e+11
   1.8824699e-31   2.6302648e+11
   1.7582023e-31   2.6915316e+11
   1.6421359e-31   2.7542254e+11
   1.5337295e-31   2.8183795e+11
   1.4324779e-31   2.8840280e+11
   1.3379089e-31   2.9512057e+11
   1.2495814e-31   3.0199481e+11
   1.1670838e-31   3.0902917e+11
   1.0900313e-31   3.1622738e+11
   1.0180647e-31   3.2359327e+11
   9.5084827e-32   3.3113072e+11
   8.8806858e-32   3.3884375e+11
   8.2943287e-32   3.4673643e+11
   7.7466770e-32   3.5481296e+11
   7.2351760e-32   3.6307761e+11
   6.7574404e-32   3.7153478e+11
   6.3112415e-32   3.8018893e+11
   5.8944976e-32   3.8904467e+11
   5.5052662e-32   3.9810669e+11
   5.1417298e-32   4.0737978e+11
   4.8021933e-32   4.1686888e+11
   4.4850728e-32   4.2657900e+11
   4.1888888e-32   4.3651530e+11
   3.9122591e-32   4.4668305e+11
   3.6538934e-32   4.5708763e+11
   3.4125859e-32   4.6773457e+11
   3.1872107e-32   4.7862951e+11
   2.9767161e-32   4.8977822e+11
   2.7801200e-32   5.0118662e+11
   2.5965048e-32   5.1286076e+11
   2.4250137e-32   5.2480682e+11
   2.2648461e-32   5.3703114e+11
   2.1152549e-32   5.4954020e+11
   1.9755415e-32   5.6234064e+11
   1.8450542e-32   5.7543923e+11
   1.7231835e-32   5.8884293e+11
   1.6093608e-32   6.0255885e+11
   1.5030547e-32   6.1659425e+11
   1.4037687e-32   6.3095657e+11
   1.3110399e-32   6.4565344e+11
   1.2244349e-32   6.6069264e+11
   1.1435494e-32   6.7608215e+11
   1.0680060e-32   6.9183012e+11
   9.9745177e-33   7.0794492e+11
   9.3155738e-33   7.2443507e+11
   8.7001511e-33   7.4130933e+11
   8.1253762e-33   7.5857664e+11
   7.5885639e-33   7.7624616e+11
   7.0872090e-33   7.9432726e+11
   6.6189692e-33   8.1282952e+11
   6.1816574e-33   8.3176275e+11
   5.7732322e-33   8.5113699e+11
   5.3917854e-33   8.7096252e+11
   5.0355357e-33   8.9124984e+11
   4.7028186e-33   9.1200971e+11
   4.3920800e-33   9.3325315e+11
   4.1018688e-33   9.5499141e+11
   3.8308292e-33   9.7723601e+11
   3.5776949e-33   9.9999876e+11
   3.3412832e-33   1.0232917e+12
   3.1204901e-33   1.0471273e+12
   2.9142834e-33   1.0715180e+12
   2.7216999e-33   1.0964768e+12
   2.5418401e-33   1.1220171e+12
   2.3738633e-33   1.1481522e+12
   2.2169845e-33   1.1748961e+12
   2.0704709e-33   1.2022629e+12
   1.9336377e-33   1.2302672e+12
   1.8058453e-33   1.2589239e+12
   1.6864968e-33   1.2882480e+12
   1.5750342e-33   1.3182551e+12
   1.4709366e-33   1.3489612e+12
   1.3737174e-33   1.3803825e+12
   1.2829224e-33   1.4125358e+12
   1.1981270e-33   1.4454380e+12
   1.1189349e-33   1.4791065e+12
   1.0449760e-33   1.5135594e+12
   9.7590441e-34   1.5488147e+12
   9.1139741e-34   1.5848912e+12
   8.5115333e-34   1.6218081e+12
   7.9489049e-34   1.6595848e+12
   7.4234590e-34   1.6982415e+12
   6.9327387e-34   1.7377987e+12
   6.4744498e-34   1.7782772e+12
   6.0464495e-34   1.8196986e+12
   5.6467360e-34   1.8620848e+12
   5.2734408e-34   1.9054583e+12
   4.9248176e-34   1.9498422e+12
   4.5992364e-34   1.9952598e+12
   4.2951751e-34   2.0417354e+12
   4.0112105e-34   2.0892935e+12
   3.7460160e-34   2.1379594e+12
   3.4983502e-34   2.1877589e+12
   3.2670551e-34   2.2387183e+12
   3.0510489e-34   2.2908648e+12
   2.8493209e-34   2.3442259e+12
   2.6609280e-34   2.3988299e+12
   2.4849884e-34   2.4547058e+12
   2.3206793e-34   2.5118833e+12
   2.1672321e-34   2.5703926e+12
   2.0239290e-34   2.6302647e+12
   1.8900992e-34   2.6915314e+12
   1.7651169e-34   2.7542252e+12
   1.6483972e-34   2.8183794e+12
   1.5393940e-34   2.8840279e+12
   1.4375972e-34   2.9512055e+12
   1.3425306e-34   3.0199479e+12
   1.2537492e-34   3.0902915e+12
   1.1708377e-34   3.1622737e+12
   1.0934080e-34   3.2359325e+12
   1.0210979e-34   3.3113070e+12
   9.5356865e-35   3.3884373e+12
   8.9050447e-35   3.4673641e+12
   8.3161014e-35   3.5481294e+12
   7.7661003e-35   3.6307760e+12
   7.2524667e-35   3.7153476e+12
   6.7727961e-35   3.8018892e+12
   6.3248438e-35   3.8904465e+12
   5.9065130e-35   3.9810667e+12
   5.5158448e-35   4.0737976e+12
   5.1510105e-35   4.1686886e+12
   4.8103028e-35   4.2657898e+12
   4.4921255e-35   4.3651528e+12
   4.1949901e-35   4.4668303e+12
   3.9175045e-35   4.5708761e+12
   3.6583697e-35   4.6773455e+12
   3.4163729e-35   4.7862948e+12
   3.1903801e-35   4.8977820e+12
   2.9793338e-35   5.0118660e+12
   2.7822453e-35   5.1286073e+12
   2.5981921e-35   5.2480679e+12
   2.4263119e-35   5.3703111e+12
   2.2657997e-35   5.4954017e+12
   2.1159040e-35   5.6234061e+12
   1.9759228e-35   5.7543920e+12
   1.8452003e-35   5.8884290e+12
   1.7231242e-35   6.0255882e+12
   1.6091229e-35   6.1659422e+12
   1.5026623e-35   6.3095654e+12
   1.4032438e-35   6.4565340e+12
   1.3104016e-35   6.6069260e+12
   1.2237008e-35   6.7608211e+12
   1.1427353e-35   6.9183009e+12
   1.0671257e-35   7.0794488e+12
   9.9651780e-36   7.2443503e+12
   9.3058078e-36   7.4130929e+12
   8.6900579e-36   7.5857660e+12
   8.1150429e-36   7.7624612e+12
   7.5780686e-36   7.9432722e+12
   7.0766188e-36   8.1282947e+12
   6.6083431e-36   8.3176270e+12
   6.1710483e-36   8.5113695e+12
   5.7626853e-36   8.7096247e+12
   5.3813395e-36   8.9124979e+12
   5.0252240e-36   9.1200967e+12
   4.6926701e-36   9.3325310e+12
   4.3821190e-36   9.5499136e+12
   4.0921158e-36   9.7723596e+12
   3.8213005e-36   9.9999871e+12
   3.5684042e-36   1.0232917e+13
   3.3322413e-36   1.0471272e+13
   3.1117048e-36   1.0715179e+13
   2.9057614e-36   1.0964768e+13
   2.7134451e-36   1.1220170e+13
   2.5338547e-36   1.1481521e+13
   2.3661480e-36   1.1748960e+13
   2.2095393e-36   1.2022629e+13
   2.0632937e-36   1.2302672e+13
   1.9267263e-36   1.2589238e+13
   1.7991960e-36   1.2882479e+13
   1.6801055e-36   1.3182550e+13
   1.5688961e-36   1.3489611e+13
   1.4650465e-36   1.3803825e+13
   1.3680695e-36   1.4125357e+13
   1.2775106e-36   1.4454379e+13
   1.1929450e-36   1.4791065e+13
   1.1139762e-36   1.5135593e+13
   1.0402338e-36   1.5488146e+13
   9.7137202e-37   1.5848911e+13
   9.0706789e-37   1.6218080e+13
   8.4701986e-37   1.6595848e+13
   7.9094621e-37   1.6982414e+13
   7.3858397e-37   1.7377986e+13
   6.8968754e-37   1.7782771e+13
   6.4402758e-37   1.8196985e+13
   6.0138990e-37   1.8620847e+13
   5.6157446e-37   1.9054582e+13
   5.2439458e-37   1.9498421e+13
   4.8967574e-37   1.9952597e+13
   4.5725508e-37   2.0417353e+13
   4.2698057e-37   2.0892934e+13
   3.9871013e-37   2.1379593e+13
   3.7231108e-37   2.1877588e+13
   3.4765964e-37   2.2387182e+13
   3.2464009e-37   2.2908647e+13
   3.0314444e-37   2.3442258e+13
   2.8307184e-37   2.3988298e+13
   2.6432810e-37   2.4547057e+13
   2.4682523e-37   2.5118831e+13
   2.3048111e-37   2.5703924e+13
   2.1521906e-37   2.6302646e+13
   2.0096743e-37   2.6915313e+13
   1.8765938e-37   2.7542251e+13
   1.7523241e-37   2.8183792e+13
   1.6362821e-37   2.8840277e+13
   1.5279232e-37   2.9512054e+13
   1.4267386e-37   3.0199478e+13
   1.3322537e-37   3.0902914e+13
   1.2440248e-37   3.1622735e+13
   1.1616378e-37   3.2359323e+13
   1.0847059e-37   3.3113069e+13
   1.0128681e-37   3.3884371e+13
   9.4578700e-38   3.4673639e+13
   8.8314784e-38   3.5481292e+13
   8.2465647e-38   3.6307758e+13
   7.7003828e-38   3.7153474e+13
   7.1903690e-38   3.8018890e+13
   6.7141277e-38   3.8904463e+13
   6.2694239e-38   3.9810665e+13
   5.8541693e-38   4.0737974e+13
   5.4664137e-38   4.1686883e+13
   5.1043373e-38   4.2657896e+13
   4.7662387e-38   4.3651526e+13
   4.4505306e-38   4.4668300e+13
   4.1557311e-38   4.5708759e+13
   3.8804550e-38   4.6773452e+13
   3.6234100e-38   4.7862946e+13
   3.3833889e-38   4.8977817e+13
   3.1592641e-38   5.0118657e+13
   2.9499835e-38   5.1286071e+13
   2.7545635e-38   5.2480677e+13
   2.5720870e-38   5.3703109e+13
   2.4016964e-38   5.4954015e+13
   2.2425913e-38   5.6234058e+13
   2.0940246e-38   5.7543917e+13
   1.9552984e-38   5.8884287e+13
   1.8257609e-38   6.0255879e+13
   1.7048037e-38   6.1659418e+13
   1.5918585e-38   6.3095651e+13
   1.4863947e-38   6.4565337e+13
   1.3879168e-38   6.6069257e+13
   1.2959622e-38   6.7608208e+13
   1.2100989e-38   6.9183005e+13
   1.1299233e-38   7.0794484e+13
   1.0550588e-38   7.2443500e+13
   9.8515374e-39   7.4130925e+13
   9.1987957e-39   7.5857656e+13
   8.5892954e-39   7.7624608e+13
   8.0201720e-39   7.9432718e+13
   7.4887534e-39   8.1282943e+13
   6.9925396e-39   8.3176266e+13
   6.5291989e-39   8.5113690e+13
   6.0965550e-39   8.7096243e+13
   5.6925746e-39   8.9124975e+13
   5.3153591e-39   9.1200962e+13
   4.9631357e-39   9.3325305e+13
   4.6342468e-39   9.5499131e+13
   4.3271494e-39   9.7723591e+13
   4.0403989e-39   9.9999866e+13
   3.7726472e-39   1.0232916e+14
   3.5226359e-39   1.0471271e+14
   3.2891894e-39   1.0715179e+14
   3.0712118e-39   1.0964767e+14
   2.8676760e-39   1.1220170e+14
   2.6776277e-39   1.1481521e+14
   2.5001715e-39   1.1748960e+14
   2.3344750e-39   1.2022628e+14
   2.1797562e-39   1.2302671e+14
   2.0352907e-39   1.2589237e+14
   1.9003989e-39   1.2882478e+14
   1.7744446e-39   1.3182550e+14
   1.6568379e-39   1.3489611e+14
   1.5470237e-39   1.3803824e+14
   1.4444865e-39   1.4125356e+14
   1.3487456e-39   1.4454378e+14
   1.2593483e-39   1.4791064e+14
   1.1758758e-39   1.5135592e+14
   1.0979342e-39   1.5488145e+14
   1.0251591e-39   1.5848911e+14
   9.5720596e-40   1.6218079e+14
   8.9375797e-40   1.6595847e+14
   8.3451387e-40   1.6982414e+14
   7.7919621e-40   1.7377985e+14
   7.2754435e-40   1.7782770e+14
   6.7931586e-40   1.8196984e+14
   6.3428514e-40   1.8620846e+14
   5.9223778e-40   1.9054581e+14
   5.5297760e-40   1.9498420e+14
   5.1631963e-40   1.9952596e+14
   4.8209151e-40   2.0417352e+14
   4.5013210e-40   2.0892933e+14
   4.2029005e-40   2.1379592e+14
   3.9242663e-40   2.1877587e+14
   3.6641152e-40   2.2387181e+14
   3.4211861e-40   2.2908645e+14
   3.1943720e-40   2.3442256e+14
   2.9825937e-40   2.3988297e+14
   2.7848565e-40   2.4547056e+14
   2.6002214e-40   2.5118830e+14
   2.4278197e-40   2.5703923e+14
   2.2668525e-40   2.6302644e+14
   2.1165492e-40   2.6915311e+14
   1.9762232e-40   2.7542250e+14
   1.8451878e-40   2.8183791e+14
   1.7228404e-40   2.8840276e+14
   1.6086066e-40   2.9512052e+14
   1.5019537e-40   3.0199476e+14
   1.4023635e-40   3.0902912e+14
   1.3093733e-40   3.1622733e+14
   1.2225488e-40   3.2359322e+14
   1.1414837e-40   3.3113067e+14
   1.0657996e-40   3.3884369e+14
   9.9511809e-41   3.4673638e+14
   9.2913095e-41   3.5481290e+14
   8.6751585e-41   3.6307756e+14
   8.0999255e-41   3.7153472e+14
   7.5628078e-41   3.8018888e+14
   7.0612831e-41   3.8904461e+14
   6.5929691e-41   3.9810663e+14
   6.1557640e-41   4.0737972e+14
   5.7475658e-41   4.1686881e+14
   5.3664126e-41   4.2657893e+14
   5.0104828e-41   4.3651523e+14
   4.6782349e-41   4.4668298e+14
   4.3679874e-41   4.5708756e+14
   4.0781989e-41   4.6773450e+14
   3.8077483e-41   4.7862944e+14
   3.5552343e-41   4.8977815e+14
   3.3193958e-41   5.0118654e+14
   3.0992518e-41   5.1286068e+14
   2.8936813e-41   5.2480674e+14
   2.7018436e-41   5.3703106e+14
   2.5226175e-41   5.4954012e+14
   2.3553025e-41   5.6234055e+14
   2.1990577e-41   5.7543914e+14
   2.0531825e-41   5.8884284e+14
   1.9169763e-41   6.0255876e+14
   1.7898785e-41   6.1659415e+14
   1.6711885e-41   6.3095647e+14
   1.5603458e-41   6.4565334e+14
   1.4567899e-41   6.6069254e+14
   1.3601003e-41   6.7608204e+14
   1.2699968e-41   6.9183002e+14
   1.1856386e-41   7.0794481e+14
   1.1070258e-41   7.2443496e+14
   1.0335977e-41   7.4130922e+14
   9.6507425e-42   7.5857653e+14
   9.0103491e-42   7.7624604e+14
   8.4119947e-42   7.9432714e+14
   7.8542779e-42   8.1282939e+14
   7.3329949e-42   8.3176262e+14
   6.8467443e-42   8.5113686e+14
   6.3927236e-42   8.7096238e+14
   5.9681302e-42   8.9124970e+14
   5.5729640e-42   9.1200957e+14
   5.2030212e-42   9.3325301e+14
   4.8583018e-42   9.5499126e+14
   4.5360031e-42   9.7723586e+14
   4.2347240e-42   9.9999861e+14
   3.9530630e-42   1.0232916e+15
   3.6910202e-42   1.0471271e+15
   3.4457929e-42   1.0715178e+15
   3.2173813e-42   1.0964767e+15
   3.0043839e-42   1.1220169e+15
   2.8053995e-42   1.1481520e+15
   2.6190268e-42   1.1748959e+15
   2.4452658e-42   1.2022628e+15
   2.2827152e-42   1.2302671e+15
   2.1313750e-42   1.2589237e+15
   1.9898438e-42   1.2882478e+15
   1.8581218e-42   1.3182549e+15
   1.7348075e-42   1.3489610e+15
   1.6199010e-42   1.3803823e+15
   1.5120010e-42   1.4125356e+15
   1.4111076e-42   1.4454378e+15
   1.3186219e-42   1.4791063e+15
   1.2303401e-42   1.5135591e+15
   1.1490647e-42   1.5488145e+15
   1.0719933e-42   1.5848910e+15
   1.0019284e-42   1.6218078e+15
   9.3466608e-43   1.6595846e+15
   8.7300894e-43   1.6982413e+15
   8.1555571e-43   1.7377984e+15
   7.6090507e-43   1.7782769e+15
   7.1045832e-43   1.8196983e+15
   6.6281417e-43   1.8620845e+15
   6.1937392e-43   1.9054580e+15
   5.7873627e-43   1.9498419e+15
   5.3949991e-43   1.9952595e+15
   5.0446745e-43   2.0417351e+15
   4.7083628e-43   2.0892932e+15
   4.4000772e-43   2.1379591e+15
   4.1058045e-43   2.1877585e+15
   3.8255448e-43   2.2387180e+15
   3.5733111e-43   2.2908644e+15
   3.3350903e-43   2.3442255e+15
   3.1108826e-43   2.3988295e+15
   2.9147008e-43   2.4547055e+15
   2.7185190e-43   2.5118829e+15
   2.5363502e-43   2.5703922e+15
   2.3681944e-43   2.6302643e+15
   2.2140516e-43   2.6915310e+15
   2.0599087e-43   2.7542248e+15
   1.9337919e-43   2.8183789e+15
   1.7936620e-43   2.8840274e+15
   1.6815582e-43   2.9512051e+15
   1.5694543e-43   3.0199474e+15
   1.4573504e-43   3.0902911e+15
   1.3732725e-43   3.1622732e+15
   1.2751816e-43   3.2359320e+15
   1.1911037e-43   3.3113065e+15
   1.1070258e-43   3.3884368e+15
   1.0369609e-43   3.4673636e+15
   9.6689594e-44   3.5481289e+15
   9.1084400e-44   3.6307754e+15
   8.4077908e-44   3.7153470e+15
   7.8472714e-44   3.8018886e+15
   7.4268819e-44   3.8904459e+15
   6.8663625e-44   3.9810661e+15
   6.4459729e-44   4.0737970e+15
   6.0255834e-44   4.1686879e+15
   5.6051939e-44   4.2657891e+15
   5.1848043e-44   4.3651521e+15
   4.9045446e-44   4.4668296e+15
   4.4841551e-44   4.5708754e+15
   4.2038954e-44   4.6773448e+15
   3.9236357e-44   4.7862941e+15
   3.6433760e-44   4.8977812e+15
   3.5032462e-44   5.0118652e+15
   3.2229865e-44   5.1286065e+15
   3.0828566e-44   5.2480671e+15
   2.8025969e-44   5.3703103e+15
   2.6624671e-44   5.4954009e+15
   2.5223372e-44   5.6234052e+15
   2.2420775e-44   5.7543912e+15
   2.1019477e-44   5.8884281e+15
   1.9618179e-44   6.0255872e+15
   1.8216880e-44   6.1659412e+15
   1.6815582e-44   6.3095644e+15
   1.6815582e-44   6.4565330e+15
   1.5414283e-44   6.6069250e+15
   1.4012985e-44   6.7608201e+15
   1.2611686e-44   6.9182998e+15
   1.2611686e-44   7.0794477e+15
   1.1210388e-44   7.2443492e+15
   1.1210388e-44   7.4130918e+15
   9.8090893e-45   7.5857649e+15
   9.8090893e-45   7.7624600e+15
   8.4077908e-45   7.9432709e+15
   8.4077908e-45   8.1282935e+15
   7.0064923e-45   8.3176258e+15
   7.0064923e-45   8.5113681e+15
   7.0064923e-45   8.7096234e+15
   5.6051939e-45   8.9124966e+15
   5.6051939e-45   9.1200953e+15
   5.6051939e-45   9.3325296e+15
   5.6051939e-45   9.5499121e+15
   4.2038954e-45   9.7723581e+15
   4.2038954e-45   9.9999856e+15
   4.2038954e-45   1.0232915e+16
   4.2038954e-45   1.0471270e+16
   4.2038954e-45   1.0715178e+16
   2.8025969e-45   1.0964766e+16
   2.8025969e-45   1.1220168e+16
   2.8025969e-45   1.1481520e+16
   2.8025969e-45   1.1748959e+16
   2.8025969e-45   1.2022627e+16
   2.8025969e-45   1.2302670e+16
   2.8025969e-45   1.2589236e+16
   1.4012985e-45   1.2882477e+16
   1.4012985e-45   1.3182548e+16
   1.4012985e-45   1.3489609e+16
   1.4012985e-45   1.3803823e+16
   1.4012985e-45   1.4125355e+16
   1.4012985e-45   1.4454377e+16
   1.4012985e-45   1.4791062e+16
   1.4012985e-45   1.5135591e+16
   1.4012985e-45   1.5488144e+16
   1.4012985e-45   1.5848909e+16
   1.4012985e-45   1.6218077e+16
   1.4012985e-45   1.6595845e+16
   1.4012985e-45   1.6982412e+16
   1.4012985e-45   1.7377983e+16
   1.4012985e-45   1.7782768e+16
   1.4012985e-45   1.8196982e+16
       0.0000000   1.8620844e+16
       0.0000000   1.9054579e+16
       0.0000000   1.9498418e+16
       0.0000000   1.9952594e+16
       0.0000000   2.0417350e+16
       0.0000000   2.0892931e+16
       0.0000000   2.1379590e+16
       0.0000000   2.1877584e+16
       0.0000000   2.2387179e+16
       0.0000000   2.2908643e+16
       0.0000000   2.3442254e+16
       0.0000000   2.3988294e+16
       0.0000000   2.4547053e+16
       0.0000000   2.5118828e+16
       0.0000000   2.5703920e+16
       0.0000000   2.6302641e+16
       0.0000000   2.6915309e+16
       0.0000000   2.7542247e+16
       0.0000000   2.8183788e+16
       0.0000000   2.8840273e+16
       0.0000000   2.9512049e+16
       0.0000000   3.0199473e+16
       0.0000000   3.0902909e+16
       0.0000000   3.1622730e+16
       0.0000000   3.2359318e+16
       0.0000000   3.3113064e+16
       0.0000000   3.3884366e+16
       0.0000000   3.4673634e+16
       0.0000000   3.5481287e+16
       0.0000000   3.6307752e+16
       0.0000000   3.7153468e+16
       0.0000000   3.8018884e+16
       0.0000000   3.8904457e+16
       0.0000000   3.9810658e+16
       0.0000000   4.0737968e+16
       0.0000000   4.1686877e+16
       0.0000000   4.2657889e+16
       0.0000000   4.3651519e+16
       0.0000000   4.4668293e+16
       0.0000000   4.5708752e+16
       0.0000000   4.6773445e+16
       0.0000000   4.7862939e+16
       0.0000000   4.8977810e+16
       0.0000000   5.0118649e+16
       0.0000000   5.1286063e+16
       0.0000000   5.2480668e+16
       0.0000000   5.3703100e+16
       0.0000000   5.4954006e+16
       0.0000000   5.6234049e+16
       0.0000000   5.7543909e+16
       0.0000000   5.8884278e+16
       0.0000000   6.0255869e+16
       0.0000000   6.1659409e+16
       0.0000000   6.3095641e+16
       0.0000000   6.4565327e+16
       0.0000000   6.6069247e+16
       0.0000000   6.7608197e+16
       0.0000000   6.9182994e+16
       0.0000000   7.0794473e+16
       0.0000000   7.2443488e+16
       0.0000000   7.4130914e+16
       0.0000000   7.5857645e+16
       0.0000000   7.7624596e+16
       0.0000000   7.9432705e+16
       0.0000000   8.1282931e+16
       0.0000000   8.3176253e+16
       0.0000000   8.5113677e+16
       0.0000000   8.7096229e+16
       0.0000000   8.9124961e+16
       0.0000000   9.1200948e+16
       0.0000000   9.3325291e+16
       0.0000000   9.5499116e+16
       0.0000000   9.7723576e+16
       0.0000000   9.9999851e+16
       0.0000000   1.0232915e+17
       0.0000000   1.0471270e+17
       0.0000000   1.0715177e+17
       0.0000000   1.0964766e+17
       0.0000000   1.1220168e+17
       0.0000000   1.1481519e+17
       0.0000000   1.1748958e+17
       0.0000000   1.2022626e+17
       0.0000000   1.2302669e+17
       0.0000000   1.2589235e+17
       0.0000000   1.2882476e+17
       0.0000000   1.3182548e+17
       0.0000000   1.3489609e+17
       0.0000000   1.3803822e+17
       0.0000000   1.4125354e+17
       0.0000000   1.4454376e+17
       0.0000000   1.4791062e+17
       0.0000000   1.5135590e+17
       0.0000000   1.5488143e+17
       0.0000000   1.5848908e+17
       0.0000000   1.6218077e+17
       0.0000000   1.6595844e+17
       0.0000000   1.6982411e+17
       0.0000000   1.7377982e+17
       0.0000000   1.7782767e+17
       0.0000000   1.8196981e+17
       0.0000000   1.8620843e+17
       0.0000000   1.9054578e+17
       0.0000000   1.9498417e+17
       0.0000000   1.9952593e+17
       0.0000000   2.0417349e+17
       0.0000000   2.0892930e+17
       0.0000000   2.1379589e+17
       0.0000000   2.1877583e+17
       0.0000000   2.2387178e+17
       0.0000000   2.2908642e+17
       0.0000000   2.3442253e+17
       0.0000000   2.3988293e+17
       0.0000000   2.4547052e+17
       0.0000000   2.5118826e+17
       0.0000000   2.5703919e+17
       0.0000000   2.6302640e+17
       0.0000000   2.6915307e+17
       0.0000000   2.7542245e+17
       0.0000000   2.8183787e+17
       0.0000000   2.8840271e+17
       0.0000000   2.9512048e+17
       0.0000000   3.0199471e+17
       0.0000000   3.0902907e+17
       0.0000000   3.1622729e+17
       0.0000000   3.2359317e+17
       0.0000000   3.3113062e+17
       0.0000000   3.3884364e+17
       0.0000000   3.4673632e+17
       0.0000000   3.5481285e+17
       0.0000000   3.6307750e+17
       0.0000000   3.7153466e+17
       0.0000000   3.8018882e+17
       0.0000000   3.8904455e+17
       0.0000000   3.9810656e+17
       0.0000000   4.0737966e+17
       0.0000000   4.1686875e+17
       0.0000000   4.2657887e+17
       0.0000000   4.3651517e+17
       0.0000000   4.4668291e+17
       0.0000000   4.5708749e+17
       0.0000000   4.6773443e+17
       0.0000000   4.7862936e+17
       0.0000000   4.8977807e+17
       0.0000000   5.0118647e+17
       0.0000000   5.1286060e+17
       0.0000000   5.2480666e+17
       0.0000000   5.3703097e+17
       0.0000000   5.4954003e+17
       0.0000000   5.6234046e+17
       0.0000000   5.7543906e+17
       0.0000000   5.8884275e+17
       0.0000000   6.0255866e+17
       0.0000000   6.1659406e+17
       0.0000000   6.3095638e+17
       0.0000000   6.4565324e+17
       0.0000000   6.6069243e+17
       0.0000000   6.7608194e+17
       0.0000000   6.9182991e+17
       0.0000000   7.0794470e+17
       0.0000000   7.2443485e+17
       0.0000000   7.4130910e+17
       0.0000000   7.5857641e+17
       0.0000000   7.7624592e+17
       0.0000000   7.9432701e+17
       0.0000000   8.1282926e+17
       0.0000000   8.3176249e+17
       0.0000000   8.5113673e+17
       0.0000000   8.7096225e+17
       0.0000000   8.9124956e+17
       0.0000000   9.1200943e+17
       0.0000000   9.3325286e+17
       0.0000000   9.5499111e+17
       0.0000000   9.7723571e+17
       0.0000000   9.9999846e+17
