    0.0440000
     0.268000
     0.710000
      1.00000
     0.900000
   5.0365657e-06   1.0000000e-12
   5.1539896e-06   1.0232930e-12
   5.2739497e-06   1.0471285e-12
   5.3967460e-06   1.0715193e-12
   5.5224946e-06   1.0964782e-12
   5.6511294e-06   1.1220185e-12
   5.7827633e-06   1.1481536e-12
   5.9175086e-06   1.1748976e-12
   6.0552939e-06   1.2022644e-12
   6.1964092e-06   1.2302688e-12
   6.3405982e-06   1.2589254e-12
   6.4883297e-06   1.2882495e-12
   6.6395251e-06   1.3182567e-12
   6.7941037e-06   1.3489629e-12
   6.9523480e-06   1.3803843e-12
   7.1143550e-06   1.4125375e-12
   7.2800394e-06   1.4454398e-12
   7.4496761e-06   1.4791084e-12
   7.6231759e-06   1.5135612e-12
   7.8008088e-06   1.5488166e-12
   7.9824822e-06   1.5848932e-12
   8.1684630e-06   1.6218101e-12
   8.3586519e-06   1.6595869e-12
   8.5533111e-06   1.6982436e-12
   8.7525204e-06   1.7378008e-12
   8.9565365e-06   1.7782794e-12
   9.1650691e-06   1.8197008e-12
   9.3785538e-06   1.8620871e-12
   9.5970590e-06   1.9054607e-12
   9.8206510e-06   1.9498446e-12
   1.0049391e-05   1.9952623e-12
   1.0283341e-05   2.0417379e-12
   1.0522922e-05   2.0892961e-12
   1.0768006e-05   2.1379621e-12
   1.1018828e-05   2.1877616e-12
   1.1275434e-05   2.2387211e-12
   1.1538235e-05   2.2908676e-12
   1.1806911e-05   2.3442288e-12
   1.2081862e-05   2.3988329e-12
   1.2363308e-05   2.4547089e-12
   1.2651280e-05   2.5118864e-12
   1.2945989e-05   2.5703957e-12
   1.3247642e-05   2.6302679e-12
   1.3556079e-05   2.6915347e-12
   1.3871863e-05   2.7542286e-12
   1.4195009e-05   2.8183829e-12
   1.4525710e-05   2.8840314e-12
   1.4863970e-05   2.9512092e-12
   1.5210338e-05   3.0199516e-12
   1.5564628e-05   3.0902954e-12
   1.5927020e-05   3.1622776e-12
   1.6298045e-05   3.2359365e-12
   1.6677688e-05   3.3113111e-12
   1.7066113e-05   3.3884415e-12
   1.7463657e-05   3.4673684e-12
   1.7870476e-05   3.5481338e-12
   1.8286713e-05   3.6307804e-12
   1.8712695e-05   3.7153522e-12
   1.9148561e-05   3.8018938e-12
   1.9594621e-05   3.8904513e-12
   2.0051006e-05   3.9810716e-12
   2.0518017e-05   4.0738027e-12
   2.0995951e-05   4.1686937e-12
   2.1485101e-05   4.2657950e-12
   2.1985570e-05   4.3651582e-12
   2.2497637e-05   4.4668358e-12
   2.3021577e-05   4.5708817e-12
   2.3557839e-05   4.6773513e-12
   2.4106685e-05   4.7863008e-12
   2.4668183e-05   4.8977880e-12
   2.5242765e-05   5.0118722e-12
   2.5830672e-05   5.1286137e-12
   2.6432319e-05   5.2480744e-12
   2.7048110e-05   5.3703178e-12
   2.7678088e-05   5.4954085e-12
   2.8322822e-05   5.6234130e-12
   2.8982518e-05   5.7543991e-12
   2.9657553e-05   5.8884363e-12
   3.0348478e-05   6.0255956e-12
   3.1055286e-05   6.1659498e-12
   3.1778698e-05   6.3095732e-12
   3.2518870e-05   6.4565420e-12
   3.3276323e-05   6.6069342e-12
   3.4051562e-05   6.7608295e-12
   3.4844717e-05   6.9183094e-12
   3.5656281e-05   7.0794575e-12
   3.6486916e-05   7.2443593e-12
   3.7336718e-05   7.4131021e-12
   3.8206519e-05   7.5857754e-12
   3.9096394e-05   7.7624708e-12
   4.0006962e-05   7.9432820e-12
   4.0938838e-05   8.1283048e-12
   4.1892428e-05   8.3176373e-12
   4.2868320e-05   8.5113800e-12
   4.3866905e-05   8.7096355e-12
   4.4888558e-05   8.9125089e-12
   4.5934201e-05   9.1201079e-12
   4.7004178e-05   9.3325425e-12
   4.8099017e-05   9.5499254e-12
   4.9219405e-05   9.7723717e-12
   5.0365841e-05   9.9999995e-12
   5.1538991e-05   1.0232929e-11
   5.2739499e-05   1.0471285e-11
   5.3968008e-05   1.0715192e-11
   5.5225129e-05   1.0964781e-11
   5.6511479e-05   1.1220184e-11
   5.7827820e-05   1.1481536e-11
   5.9174727e-05   1.1748975e-11
   6.0553124e-05   1.2022644e-11
   6.1963554e-05   1.2302687e-11
   6.3406893e-05   1.2589253e-11
   6.4883847e-05   1.2882495e-11
   6.6395252e-05   1.3182567e-11
   6.7941772e-05   1.3489628e-11
   6.9524212e-05   1.3803842e-11
   7.1143739e-05   1.4125375e-11
   7.2800758e-05   1.4454397e-11
   7.4496587e-05   1.4791083e-11
   7.6231758e-05   1.5135612e-11
   7.8007550e-05   1.5488165e-11
   7.9824466e-05   1.5848931e-11
   8.1683909e-05   1.6218100e-11
   8.3586521e-05   1.6595868e-11
   8.5533480e-05   1.6982435e-11
   8.7525936e-05   1.7378007e-11
   8.9564637e-05   1.7782793e-11
   9.1650880e-05   1.8197007e-11
   9.3785726e-05   1.8620870e-11
   9.5970237e-05   1.9054606e-11
   9.8205601e-05   1.9498445e-11
   0.00010049319   1.9952622e-11
   0.00010283396   2.0417378e-11
   0.00010522922   2.0892960e-11
   0.00010768043   2.1379619e-11
   0.00011018846   2.1877615e-11
   0.00011275507   2.2387210e-11
   0.00011538163   2.2908675e-11
   0.00011806912   2.3442287e-11
   0.00012081936   2.3988327e-11
   0.00012363364   2.4547087e-11
   0.00012651335   2.5118863e-11
   0.00012946026   2.5703956e-11
   0.00013247570   2.6302678e-11
   0.00013556152   2.6915346e-11
   0.00013871919   2.7542285e-11
   0.00014195030   2.8183827e-11
   0.00014525674   2.8840313e-11
   0.00014864025   2.9512090e-11
   0.00015210248   3.0199515e-11
   0.00015564539   3.0902952e-11
   0.00015927093   3.1622774e-11
   0.00016298082   3.2359363e-11
   0.00016677707   3.3113110e-11
   0.00017066186   3.3884413e-11
   0.00017463713   3.4673682e-11
   0.00017870494   3.5481336e-11
   0.00018286750   3.6307803e-11
   0.00018712696   3.7153520e-11
   0.00019148580   3.8018937e-11
   0.00019594605   3.8904511e-11
   0.00020051026   3.9810714e-11
   0.00020518072   4.0738024e-11
   0.00020995989   4.1686935e-11
   0.00021485047   4.2657948e-11
   0.00021985498   4.3651580e-11
   0.00022497620   4.4668355e-11
   0.00023021652   4.5708815e-11
   0.00023557896   4.6773510e-11
   0.00024106631   4.7863005e-11
   0.00024668148   4.8977878e-11
   0.00025242730   5.0118719e-11
   0.00025830709   5.1286134e-11
   0.00026432393   5.2480741e-11
   0.00027048076   5.3703175e-11
   0.00027678107   5.4954082e-11
   0.00028322806   5.6234127e-11
   0.00028982537   5.7543989e-11
   0.00029657627   5.8884360e-11
   0.00030348441   6.0255953e-11
   0.00031055341   6.1659495e-11
   0.00031778717   6.3095729e-11
   0.00032518944   6.4565417e-11
   0.00033276397   6.6069339e-11
   0.00034051508   6.7608291e-11
   0.00034844683   6.9183091e-11
   0.00035656302   7.0794572e-11
   0.00036486844   7.2443589e-11
   0.00037336739   7.4131017e-11
   0.00038206429   7.5857750e-11
   0.00039096377   7.7624704e-11
   0.00040007039   7.9432816e-11
   0.00040938929   8.1283044e-11
   0.00041892519   8.3176369e-11
   0.00042868321   8.5113795e-11
   0.00043866850   8.7096350e-11
   0.00044888636   8.9125085e-11
   0.00045934221   9.1201075e-11
   0.00047004179   9.3325421e-11
   0.00048099036   9.5499249e-11
   0.00049219409   9.7723712e-11
   0.00050365878   9.9999990e-11
   0.00051539048   1.0232929e-10
   0.00052739558   1.0471284e-10
   0.00053968007   1.0715192e-10
   0.00055225077   1.0964781e-10
   0.00056511443   1.1220183e-10
   0.00057827769   1.1481535e-10
   0.00059174746   1.1748974e-10
   0.00060553110   1.2022643e-10
   0.00061963574   1.2302686e-10
   0.00063406880   1.2589253e-10
   0.00064883812   1.2882494e-10
   0.00066395162   1.3182566e-10
   0.00067941699   1.3489627e-10
   0.00069524266   1.3803841e-10
   0.00071143685   1.4125374e-10
   0.00072800840   1.4454396e-10
   0.00074496586   1.4791082e-10
   0.00076231838   1.5135611e-10
   0.00078007497   1.5488164e-10
   0.00079824543   1.5848930e-10
   0.00081683893   1.6218099e-10
   0.00083586544   1.6595867e-10
   0.00085533538   1.6982435e-10
   0.00087525864   1.7378006e-10
   0.00089564605   1.7782792e-10
   0.00091650832   1.8197006e-10
   0.00093785644   1.8620869e-10
   0.00095970201   1.9054605e-10
   0.00098205626   1.9498444e-10
    0.0010049314   1.9952621e-10
    0.0010283393   2.0417377e-10
    0.0010522923   2.0892959e-10
    0.0010768034   2.1379618e-10
    0.0011018853   2.1877614e-10
    0.0011275515   2.2387209e-10
    0.0011538155   2.2908674e-10
    0.0011806914   2.3442285e-10
    0.0012081933   2.3988326e-10
    0.0012363356   2.4547086e-10
    0.0012651336   2.5118861e-10
    0.0012946024   2.5703955e-10
    0.0013247576   2.6302677e-10
    0.0013556151   2.6915345e-10
    0.0013871914   2.7542284e-10
    0.0014195034   2.8183826e-10
    0.0014525676   2.8840311e-10
    0.0014864025   2.9512089e-10
    0.0015210252   3.0199513e-10
    0.0015564543   3.0902950e-10
    0.0015927089   3.1622773e-10
    0.0016298079   3.2359362e-10
    0.0016677708   3.3113108e-10
    0.0017066182   3.3884411e-10
    0.0017463705   3.4673681e-10
    0.0017870488   3.5481334e-10
    0.0018286745   3.6307801e-10
    0.0018712698   3.7153518e-10
    0.0019148572   3.8018935e-10
    0.0019594601   3.8904509e-10
    0.0020051016   3.9810712e-10
    0.0020518065   4.0738022e-10
    0.0020995992   4.1686933e-10
    0.0021485051   4.2657946e-10
    0.0021985502   4.3651577e-10
    0.0022497610   4.4668353e-10
    0.0023021647   4.5708813e-10
    0.0023557888   4.6773508e-10
    0.0024106624   4.7863003e-10
    0.0024668139   4.8977875e-10
    0.0025242735   5.0118716e-10
    0.0025830714   5.1286131e-10
    0.0026432385   5.2480739e-10
    0.0027048078   5.3703172e-10
    0.0027678106   5.4954080e-10
    0.0028322812   5.6234125e-10
    0.0028982535   5.7543986e-10
    0.0029657627   5.8884357e-10
    0.0030348441   6.0255950e-10
    0.0031055347   6.1659491e-10
    0.0031778719   6.3095725e-10
    0.0032518941   6.4565414e-10
    0.0033276402   6.6069335e-10
    0.0034051510   6.7608288e-10
    0.0034844673   6.9183087e-10
    0.0035656309   7.0794568e-10
    0.0036486851   7.2443585e-10
    0.0037336741   7.4131013e-10
    0.0038206424   7.5857746e-10
    0.0039096368   7.7624700e-10
    0.0040007038   7.9432812e-10
    0.0040938919   8.1283039e-10
    0.0041892510   8.3176365e-10
    0.0042868312   8.5113791e-10
    0.0043866844   8.7096346e-10
    0.0044888635   8.9125080e-10
    0.0045934222   9.1201070e-10
    0.0047004167   9.3325416e-10
    0.0048099039   9.5499244e-10
    0.0049219406   9.7723707e-10
    0.0050365874   9.9999985e-10
    0.0051539047   1.0232928e-09
    0.0052739545   1.0471284e-09
    0.0053968006   1.0715191e-09
    0.0055225082   1.0964780e-09
    0.0056511438   1.1220183e-09
    0.0057827760   1.1481534e-09
    0.0059174742   1.1748974e-09
    0.0060553099   1.2022642e-09
    0.0061963564   1.2302686e-09
    0.0063406876   1.2589252e-09
    0.0064883814   1.2882493e-09
    0.0066395155   1.3182565e-09
    0.0067941695   1.3489627e-09
    0.0069524259   1.3803840e-09
    0.0071143690   1.4125373e-09
    0.0072800838   1.4454395e-09
    0.0074496586   1.4791081e-09
    0.0076231831   1.5135610e-09
    0.0078007500   1.5488164e-09
    0.0079824533   1.5848929e-09
    0.0081683882   1.6218098e-09
    0.0083586546   1.6595866e-09
    0.0085533522   1.6982434e-09
    0.0087525854   1.7378005e-09
    0.0089564594   1.7782791e-09
    0.0091650821   1.8197006e-09
    0.0093785645   1.8620868e-09
    0.0095970193   1.9054604e-09
    0.0098205628   1.9498443e-09
     0.010049312   1.9952620e-09
     0.010283391   2.0417376e-09
     0.010522923   2.0892958e-09
     0.010768033   2.1379617e-09
     0.011018853   2.1877612e-09
     0.011275514   2.2387208e-09
     0.011538154   2.2908673e-09
     0.011806913   2.3442284e-09
     0.012081931   2.3988325e-09
     0.012363356   2.4547085e-09
     0.012651335   2.5118860e-09
     0.012946023   2.5703953e-09
     0.013247574   2.6302675e-09
     0.013556150   2.6915343e-09
     0.013871913   2.7542282e-09
     0.014195031   2.8183824e-09
     0.014525676   2.8840310e-09
     0.014864022   2.9512087e-09
     0.015210249   3.0199512e-09
     0.015564542   3.0902949e-09
     0.015927088   3.1622771e-09
     0.016298076   3.2359360e-09
     0.016677707   3.3113106e-09
     0.017066181   3.3884409e-09
     0.017463703   3.4673679e-09
     0.017870486   3.5481332e-09
     0.018286742   3.6307799e-09
     0.018712696   3.7153516e-09
     0.019148570   3.8018933e-09
     0.019594597   3.8904507e-09
     0.020051014   3.9810710e-09
     0.020518063   4.0738020e-09
     0.020995989   4.1686931e-09
     0.021485047   4.2657944e-09
     0.021985499   4.3651575e-09
     0.022497607   4.4668351e-09
     0.023021644   4.5708810e-09
     0.023557886   4.6773505e-09
     0.024106620   4.7863000e-09
     0.024668135   4.8977873e-09
     0.025242729   5.0118714e-09
     0.025830708   5.1286129e-09
     0.026432384   5.2480736e-09
     0.027048072   5.3703169e-09
     0.027678102   5.4954077e-09
     0.028322808   5.6234122e-09
     0.028982531   5.7543983e-09
     0.029657621   5.8884354e-09
     0.030348435   6.0255947e-09
     0.031055341   6.1659488e-09
     0.031778712   6.3095722e-09
     0.032518934   6.4565410e-09
     0.033276398   6.6069332e-09
     0.034051504   6.7608284e-09
     0.034844667   6.9183083e-09
     0.035656303   7.0794564e-09
     0.036486845   7.2443582e-09
     0.037336729   7.4131009e-09
     0.038206417   7.5857742e-09
     0.039096355   7.7624696e-09
     0.040007029   7.9432808e-09
     0.040938910   8.1283035e-09
     0.041892502   8.3176360e-09
     0.042868301   8.5113787e-09
     0.043866832   8.7096341e-09
     0.044888623   8.9125076e-09
     0.045934211   9.1201065e-09
     0.047004156   9.3325411e-09
     0.048099026   9.5499239e-09
     0.049219396   9.7723702e-09
     0.050365862   9.9999979e-09
     0.051539034   1.0232928e-08
     0.052739531   1.0471283e-08
     0.053967990   1.0715191e-08
     0.055225067   1.0964780e-08
     0.056511424   1.1220182e-08
     0.057827745   1.1481534e-08
     0.059174724   1.1748973e-08
     0.060553081   1.2022642e-08
     0.061963543   1.2302685e-08
     0.063406862   1.2589251e-08
     0.064883791   1.2882493e-08
     0.066395134   1.3182565e-08
     0.067941673   1.3489626e-08
     0.069524236   1.3803840e-08
     0.071143664   1.4125372e-08
     0.072800808   1.4454395e-08
     0.074496560   1.4791081e-08
     0.076231807   1.5135609e-08
     0.078007475   1.5488163e-08
     0.079824500   1.5848928e-08
     0.081683852   1.6218097e-08
     0.083586514   1.6595865e-08
     0.085533492   1.6982433e-08
     0.087525822   1.7378004e-08
     0.089564554   1.7782790e-08
     0.091650784   1.8197005e-08
     0.093785606   1.8620867e-08
     0.095970146   1.9054603e-08
     0.098205581   1.9498442e-08
      0.10049308   1.9952619e-08
      0.10283387   2.0417375e-08
      0.10522917   2.0892957e-08
      0.10768028   2.1379616e-08
      0.11018847   2.1877611e-08
      0.11275508   2.2387206e-08
      0.11538149   2.2908671e-08
      0.11806907   2.3442283e-08
      0.12081925   2.3988324e-08
      0.12363349   2.4547084e-08
      0.12651327   2.5118859e-08
      0.12946016   2.5703952e-08
      0.13247566   2.6302674e-08
      0.13556142   2.6915342e-08
      0.13871904   2.7542281e-08
      0.14195022   2.8183823e-08
      0.14525667   2.8840308e-08
      0.14864013   2.9512085e-08
      0.15210240   3.0199510e-08
      0.15564531   3.0902947e-08
      0.15927076   3.1622769e-08
      0.16298065   3.2359358e-08
      0.16677696   3.3113104e-08
      0.17066169   3.3884408e-08
      0.17463690   3.4673677e-08
      0.17870471   3.5481331e-08
      0.18286727   3.6307797e-08
      0.18712680   3.7153514e-08
      0.19148554   3.8018931e-08
      0.19594580   3.8904505e-08
      0.20050997   3.9810708e-08
      0.20518044   4.0738018e-08
      0.20995970   4.1686928e-08
      0.21485029   4.2657942e-08
      0.21985479   4.3651573e-08
      0.22497585   4.4668349e-08
      0.23021621   4.5708808e-08
      0.23557863   4.6773503e-08
      0.24106595   4.7862998e-08
      0.24668109   4.8977870e-08
      0.25242704   5.0118711e-08
      0.25830680   5.1286126e-08
      0.26432353   5.2480733e-08
      0.27048042   5.3703167e-08
      0.27678069   5.4954074e-08
      0.28322774   5.6234119e-08
      0.28982496   5.7543980e-08
      0.29657584   5.8884351e-08
      0.30348396   6.0255944e-08
      0.31055301   6.1659485e-08
      0.31778672   6.3095719e-08
      0.32518891   6.4565407e-08
      0.33276352   6.6069328e-08
      0.34051457   6.7608281e-08
      0.34844616   6.9183080e-08
      0.35656250   7.0794561e-08
      0.36486790   7.2443578e-08
      0.37336674   7.4131006e-08
      0.38206354   7.5857738e-08
      0.39096293   7.7624692e-08
      0.40006962   7.9432803e-08
      0.40938842   8.1283031e-08
      0.41892427   8.3176356e-08
      0.42868227   8.5113782e-08
      0.43866754   8.7096337e-08
      0.44888538   8.9125071e-08
      0.45934126   9.1201061e-08
      0.47004065   9.3325406e-08
      0.48098928   9.5499234e-08
      0.49219295   9.7723697e-08
      0.50365758   9.9999974e-08
      0.51538920   1.0232927e-07
      0.52739418   1.0471283e-07
      0.53967869   1.0715190e-07
      0.55224943   1.0964779e-07
      0.56511295   1.1220182e-07
      0.57827604   1.1481533e-07
      0.59174579   1.1748972e-07
      0.60552931   1.2022641e-07
      0.61963385   1.2302684e-07
      0.63406694   1.2589251e-07
      0.64883620   1.2882492e-07
      0.66394949   1.3182564e-07
      0.67941481   1.3489625e-07
      0.69524038   1.3803839e-07
      0.71143454   1.4125372e-07
      0.72800595   1.4454394e-07
      0.74496335   1.4791080e-07
      0.76231569   1.5135608e-07
      0.78007221   1.5488162e-07
      0.79824239   1.5848928e-07
      0.81683576   1.6218097e-07
      0.83586228   1.6595865e-07
      0.85533190   1.6982432e-07
      0.87525505   1.7378004e-07
      0.89564228   1.7782789e-07
      0.91650438   1.8197004e-07
      0.93785244   1.8620866e-07
      0.95969772   1.9054602e-07
      0.98205185   1.9498441e-07
       1.0049267   1.9952618e-07
       1.0283344   2.0417374e-07
       1.0522872   2.0892956e-07
       1.0767980   2.1379615e-07
       1.1018797   2.1877610e-07
       1.1275457   2.2387205e-07
       1.1538094   2.2908670e-07
       1.1806849   2.3442282e-07
       1.2081865   2.3988323e-07
       1.2363286   2.4547082e-07
       1.2651262   2.5118857e-07
       1.2945946   2.5703951e-07
       1.3247495   2.6302673e-07
       1.3556067   2.6915341e-07
       1.3871826   2.7542279e-07
       1.4194940   2.8183821e-07
       1.4525580   2.8840307e-07
       1.4863923   2.9512084e-07
       1.5210146   3.0199509e-07
       1.5564433   3.0902946e-07
       1.5926973   3.1622768e-07
       1.6297957   3.2359357e-07
       1.6677582   3.3113103e-07
       1.7066050   3.3884406e-07
       1.7463566   3.4673675e-07
       1.7870342   3.5481329e-07
       1.8286592   3.6307795e-07
       1.8712538   3.7153512e-07
       1.9148405   3.8018929e-07
       1.9594425   3.8904503e-07
       2.0050833   3.9810706e-07
       2.0517874   4.0738016e-07
       2.0995791   4.1686926e-07
       2.1484842   4.2657940e-07
       2.1985283   4.3651571e-07
       2.2497380   4.4668346e-07
       2.3021407   4.5708806e-07
       2.3557639   4.6773500e-07
       2.4106359   4.7862995e-07
       2.4667864   4.8977868e-07
       2.5242445   5.0118709e-07
       2.5830410   5.1286123e-07
       2.6432071   5.2480731e-07
       2.7047746   5.3703164e-07
       2.7677760   5.4954071e-07
       2.8322451   5.6234116e-07
       2.8982155   5.7543977e-07
       2.9657228   5.8884348e-07
       3.0348024   6.0255941e-07
       3.1054912   6.1659482e-07
       3.1778262   6.3095716e-07
       3.2518463   6.4565404e-07
       3.3275905   6.6069325e-07
       3.4050987   6.7608277e-07
       3.4844124   6.9183076e-07
       3.5655735   7.0794557e-07
       3.6486251   7.2443574e-07
       3.7336111   7.4131002e-07
       3.8205764   7.5857735e-07
       3.9095676   7.7624688e-07
       4.0006313   7.9432799e-07
       4.0938163   8.1283027e-07
       4.1891718   8.3176352e-07
       4.2867484   8.5113778e-07
       4.3865976   8.7096332e-07
       4.4887724   8.9125067e-07
       4.5933275   9.1201056e-07
       4.7003174   9.3325401e-07
       4.8097997   9.5499229e-07
       4.9218316   9.7723692e-07
       5.0364733   9.9999969e-07
       5.1537852   1.0232927e-06
       5.2738295   1.0471282e-06
       5.3966694   1.0715190e-06
       5.5223713   1.0964779e-06
       5.6510005   1.1220181e-06
       5.7826257   1.1481533e-06
       5.9173169   1.1748972e-06
       6.0551453   1.2022641e-06
       6.1961837   1.2302684e-06
       6.3405070   1.2589250e-06
       6.4881921   1.2882491e-06
       6.6393170   1.3182563e-06
       6.7939620   1.3489625e-06
       6.9522090   1.3803838e-06
       7.1141415   1.4125371e-06
       7.2798457   1.4454393e-06
       7.4494095   1.4791079e-06
       7.6229224   1.5135608e-06
       7.8004770   1.5488161e-06
       7.9821668   1.5848927e-06
       8.1680889   1.6218096e-06
       8.3583403   1.6595864e-06
       8.5530243   1.6982431e-06
       8.7522421   1.7378003e-06
       8.9560995   1.7782788e-06
       9.1647053   1.8197003e-06
       9.3781700   1.8620865e-06
       9.5966063   1.9054601e-06
       9.8201294   1.9498440e-06
       10.048860   1.9952617e-06
       10.282917   2.0417373e-06
       10.522426   2.0892955e-06
       10.767512   2.1379614e-06
       11.018308   2.1877609e-06
       11.274944   2.2387204e-06
       11.537558   2.2908669e-06
       11.806288   2.3442280e-06
       12.081277   2.3988321e-06
       12.362670   2.4547081e-06
       12.650618   2.5118856e-06
       12.945271   2.5703949e-06
       13.246787   2.6302671e-06
       13.555326   2.6915339e-06
       13.871050   2.7542278e-06
       14.194128   2.8183820e-06
       14.524730   2.8840305e-06
       14.863032   2.9512082e-06
       15.209213   3.0199507e-06
       15.563457   3.0902944e-06
       15.925950   3.1622766e-06
       16.296886   3.2359355e-06
       16.676460   3.3113101e-06
       17.064877   3.3884404e-06
       17.462337   3.4673673e-06
       17.869055   3.5481327e-06
       18.285244   3.6307793e-06
       18.711126   3.7153510e-06
       19.146927   3.8018927e-06
       19.592876   3.8904501e-06
       20.049213   3.9810704e-06
       20.516176   4.0738014e-06
       20.994015   4.1686924e-06
       21.482981   4.2657937e-06
       21.983334   4.3651568e-06
       22.495340   4.4668344e-06
       23.019270   4.5708803e-06
       23.555401   4.6773498e-06
       24.104017   4.7862993e-06
       24.665409   4.8977865e-06
       25.239876   5.0118706e-06
       25.827721   5.1286121e-06
       26.429255   5.2480728e-06
       27.044796   5.3703161e-06
       27.674671   5.4954068e-06
       28.319216   5.6234113e-06
       28.978769   5.7543974e-06
       29.653683   5.8884345e-06
       30.344311   6.0255938e-06
       31.051022   6.1659479e-06
       31.774191   6.3095712e-06
       32.514198   6.4565400e-06
       33.271439   6.6069322e-06
       34.046310   6.7608274e-06
       34.839230   6.9183073e-06
       35.650608   7.0794553e-06
       36.480881   7.2443570e-06
       37.330490   7.4130998e-06
       38.199879   7.5857731e-06
       39.089512   7.7624684e-06
       39.999859   7.9432795e-06
       40.931404   8.1283023e-06
       41.884640   8.3176347e-06
       42.860073   8.5113773e-06
       43.858215   8.7096328e-06
       44.879597   8.9125062e-06
       45.924763   9.1201051e-06
       46.994263   9.3325397e-06
       48.088665   9.5499224e-06
       49.208546   9.7723687e-06
       50.354500   9.9999964e-06
       51.527134   1.0232926e-05
       52.727074   1.0471282e-05
       53.954945   1.0715189e-05
       55.211407   1.0964778e-05
       56.497120   1.1220180e-05
       57.812763   1.1481532e-05
       59.159039   1.1748971e-05
       60.536655   1.2022640e-05
       61.946342   1.2302683e-05
       63.388847   1.2589250e-05
       64.864937   1.2882491e-05
       66.375381   1.3182563e-05
       67.920990   1.3489624e-05
       69.502579   1.3803838e-05
       71.120987   1.4125370e-05
       72.777061   1.4454392e-05
       74.471695   1.4791078e-05
       76.205765   1.5135607e-05
       77.980202   1.5488160e-05
       79.795944   1.5848926e-05
       81.653946   1.6218095e-05
       83.555199   1.6595863e-05
       85.500702   1.6982430e-05
       87.491486   1.7378002e-05
       89.528603   1.7782787e-05
       91.613129   1.8197002e-05
       93.746170   1.8620864e-05
       95.928856   1.9054600e-05
       98.162338   1.9498439e-05
       100.44780   1.9952616e-05
       102.78645   2.0417372e-05
       105.17952   2.0892953e-05
       107.62827   2.1379613e-05
       110.13402   2.1877608e-05
       112.69807   2.2387203e-05
       115.32178   2.2908668e-05
       118.00654   2.3442279e-05
       120.75376   2.3988320e-05
       123.56491   2.4547080e-05
       126.44147   2.5118855e-05
       129.38495   2.5703948e-05
       132.39691   2.6302670e-05
       135.47894   2.6915338e-05
       138.63268   2.7542276e-05
       141.85979   2.8183819e-05
       145.16196   2.8840304e-05
       148.54094   2.9512081e-05
       151.99854   3.0199506e-05
       155.53654   3.0902942e-05
       159.15685   3.1622764e-05
       162.86136   3.2359353e-05
       166.65202   3.3113099e-05
       170.53085   3.3884402e-05
       174.49989   3.4673672e-05
       178.56123   3.5481325e-05
       182.71703   3.6307791e-05
       186.96944   3.7153508e-05
       191.32074   3.8018925e-05
       195.77322   3.8904499e-05
       200.32922   3.9810701e-05
       204.99117   4.0738012e-05
       209.76147   4.1686922e-05
       214.64270   4.2657935e-05
       219.63737   4.3651566e-05
       224.74817   4.4668342e-05
       229.97777   4.5708801e-05
       235.32890   4.6773496e-05
       240.80443   4.7862990e-05
       246.40720   4.8977863e-05
       252.14018   5.0118704e-05
       258.00638   5.1286118e-05
       264.00891   5.2480725e-05
       270.15091   5.3703158e-05
       276.43561   5.4954065e-05
       282.86633   5.6234110e-05
       289.44644   5.7543971e-05
       296.17941   5.8884342e-05
       303.06876   6.0255934e-05
       310.11816   6.1659475e-05
       317.33127   6.3095709e-05
       324.71191   6.4565397e-05
       332.26392   6.6069318e-05
       339.99133   6.7608270e-05
       347.89813   6.9183069e-05
       355.98853   7.0794550e-05
       364.26672   7.2443567e-05
       372.73709   7.4130994e-05
       381.40408   7.5857727e-05
       390.27222   7.7624680e-05
       399.34616   7.9432791e-05
       408.63068   8.1283019e-05
       418.13062   8.3176343e-05
       427.85098   8.5113769e-05
       437.79684   8.7096323e-05
       447.97342   8.9125057e-05
       458.38602   9.1201047e-05
       469.04010   9.3325392e-05
       479.94128   9.5499219e-05
       491.09521   9.7723682e-05
       502.50772   9.9999959e-05
       514.18481   0.00010232926
       526.13257   0.00010471281
       538.35724   0.00010715189
       550.86517   0.00010964777
       563.66290   0.00011220180
       576.75720   0.00011481531
       590.15479   0.00011748971
       603.86267   0.00012022639
       617.88800   0.00012302683
       632.23804   0.00012589249
       646.92035   0.00012882490
       661.94257   0.00013182562
       677.31238   0.00013489623
       693.03790   0.00013803837
       709.12732   0.00014125370
       725.58887   0.00014454392
       742.43115   0.00014791078
       759.66296   0.00015135606
       777.29315   0.00015488160
       795.33087   0.00015848925
       813.81946   0.00016218094
       832.77161   0.00016595862
       852.13477   0.00016982429
       871.92474   0.00017378001
       892.22131   0.00017782787
       912.96661   0.00018197001
       934.19073   0.00018620863
       955.87878   0.00019054599
       978.09796   0.00019498438
       1000.8168   0.00019952615
       1024.0564   0.00020417371
       1047.8855   0.00020892952
       1072.2305   0.00021379612
       1097.1252   0.00021877607
       1122.6031   0.00022387202
       1148.6501   0.00022908667
       1175.2953   0.00023442278
       1202.6492   0.00023988319
       1230.5563   0.00024547079
       1259.0869   0.00025118853
       1288.2972   0.00025703947
       1318.2422   0.00026302669
       1348.7997   0.00026915336
       1380.1251   0.00027542275
       1412.1024   0.00028183817
       1444.8162   0.00028840302
       1478.3340   0.00029512079
       1512.5474   0.00030199504
       1547.6217   0.00030902941
       1583.5035   0.00031622763
       1620.1271   0.00032359352
       1657.6155   0.00033113098
       1696.0151   0.00033884401
       1735.2400   0.00034673670
       1775.3892   0.00035481323
       1816.4567   0.00036307789
       1858.4557   0.00037153507
       1901.4019   0.00038018923
       1945.3430   0.00038904497
       1990.2524   0.00039810699
       2036.2118   0.00040738010
       2083.1946   0.00041686920
       2131.1826   0.00042657933
       2180.3564   0.00043651564
       2230.6418   0.00044668339
       2282.0466   0.00045708799
       2334.5730   0.00046773493
       2388.2288   0.00047862988
       2443.1653   0.00048977860
       2499.3787   0.00050118701
       2556.8101   0.00051286115
       2615.5710   0.00052480722
       2675.6123   0.00053703156
       2737.0291   0.00054954063
       2799.7566   0.00056234107
       2863.9153   0.00057543968
       2929.4189   0.00058884339
       2996.4524   0.00060255931
       3064.9895   0.00061659472
       3135.0552   0.00063095706
       3206.5703   0.00064565394
       3279.7324   0.00066069315
       3354.4595   0.00067608267
       3430.8489   0.00069183066
       3508.9695   0.00070794546
       3588.7993   0.00072443563
       3670.2673   0.00074130990
       3753.5608   0.00075857723
       3838.6770   0.00077624676
       3925.5847   0.00079432787
       4014.3889   0.00081283014
       4105.2358   0.00083176339
       4197.9136   0.00085113765
       4292.5728   0.00087096319
       4389.2734   0.00089125053
       4488.0078   0.00091201042
       4588.8706   0.00093325387
       4691.8726   0.00095499214
       4797.0518   0.00097723677
       4904.4116   0.00099999954
       5013.8882    0.0010232925
       5126.0103    0.0010471281
       5240.1592    0.0010715188
       5356.8882    0.0010964777
       5475.7798    0.0011220179
       5597.3506    0.0011481531
       5721.1572    0.0011748970
       5847.8965    0.0012022639
       5976.7451    0.0012302682
       6108.2158    0.0012589248
       6242.5928    0.0012882489
       6379.7090    0.0013182561
       6519.2139    0.0013489622
       6661.7246    0.0013803836
       6807.1851    0.0014125369
       6955.2485    0.0014454391
       7106.0825    0.0014791077
       7260.2559    0.0015135605
       7417.0117    0.0015488159
       7576.8154    0.0015848924
       7739.6670    0.0016218093
       7905.5684    0.0016595861
       8074.6548    0.0016982428
       8246.6943    0.0017378000
       8422.3701    0.0017782786
       8600.9854    0.0018197000
       8782.8057    0.0018620862
       8967.6768    0.0019054598
       9156.0508    0.0019498437
       9347.5645    0.0019952614
       9542.9131    0.0020417370
       9741.3867    0.0020892951
       9942.7998    0.0021379611
       10148.233    0.0021877606
       10357.438    0.0022387201
       10569.198    0.0022908665
       10784.182    0.0023442277
       11003.517    0.0023988318
       11225.599    0.0024547077
       11452.692    0.0025118852
       11681.537    0.0025703945
       11915.201    0.0026302667
       12151.198    0.0026915335
       12391.901    0.0027542274
       12635.714    0.0028183816
       12882.239    0.0028840301
       13133.257    0.0029512078
       13386.910    0.0030199502
       13644.767    0.0030902939
       13905.880    0.0031622761
       14170.072    0.0032359350
       14438.325    0.0033113096
       14709.083    0.0033884399
       14983.509    0.0034673668
       15260.572    0.0035481321
       15540.959    0.0036307788
       15825.438    0.0037153505
       16111.951    0.0038018921
       16402.139    0.0038904495
       16695.035    0.0039810697
       16991.297    0.0040738008
       17289.113    0.0041686918
       17590.602    0.0042657931
       17894.232    0.0043651562
       18200.236    0.0044668337
       18508.799    0.0045708796
       18818.939    0.0046773491
       19131.727    0.0047862985
       19446.689    0.0048977858
       19762.867    0.0050118698
       20081.084    0.0051286113
       20401.281    0.0052480720
       20721.494    0.0053703153
       21043.949    0.0054954060
       21366.781    0.0056234104
       21690.318    0.0057543965
       22014.682    0.0058884336
       22339.344    0.0060255928
       22663.926    0.0061659469
       22987.510    0.0063095703
       23311.936    0.0064565390
       23634.957    0.0066069311
       23957.486    0.0067608263
       24277.949    0.0069183062
       24597.977    0.0070794543
       24915.664    0.0072443559
       25230.795    0.0074130986
       25543.893    0.0075857719
       25853.535    0.0077624672
       26160.631    0.0079432783
       26464.053    0.0081283010
       26762.482    0.0083176335
       27057.852    0.0085113760
       27347.479    0.0087096314
       27631.592    0.0089125048
       27910.367    0.0091201037
       28183.355    0.0093325382
       28449.047    0.0095499210
       28707.920    0.0097723672
       28960.129    0.0099999949
       29204.676     0.010232925
       29439.678     0.010471280
       29666.615     0.010715188
       29884.703     0.010964776
       30092.510     0.011220179
       30290.195     0.011481530
       30476.287     0.011748969
       30650.695     0.012022638
       30810.941     0.012302681
       30958.521     0.012589248
       31090.947     0.012882489
       31207.086     0.013182561
       31307.805     0.013489622
       31393.236     0.013803835
       31462.182     0.014125368
       31516.783     0.014454390
       31555.674     0.014791076
       31580.730     0.015135605
       31592.805     0.015488158
       31591.912     0.015848924
       31578.188     0.016218092
       31551.217     0.016595860
       31509.311     0.016982428
       31449.707     0.017377999
       31371.867     0.017782785
       31272.109     0.018196999
       31150.332     0.018620862
       31002.719     0.019054597
       30828.438     0.019498436
       30626.951     0.019952613
       30395.811     0.020417369
       30140.811     0.020892950
       29859.805     0.021379610
       29557.006     0.021877605
       29233.371     0.022387199
       28889.270     0.022908664
       28527.594     0.023442276
       28149.689     0.023988316
       27757.205     0.024547076
       27353.072     0.025118851
       26936.488     0.025703944
       26511.771     0.026302666
       26078.820     0.026915334
       25640.490     0.027542272
       25197.102     0.028183814
       24751.451     0.028840300
       24303.598     0.029512076
       23854.543     0.030199501
       23404.135     0.030902938
       22952.746     0.031622760
       22498.191     0.032359348
       22041.008     0.033113094
       21580.885     0.033884397
       21117.252     0.034673666
       20650.375     0.035481320
       20180.314     0.036307786
       19708.912     0.037153503
       19243.275     0.038018919
       18785.180     0.038904493
       18340.656     0.039810695
       17912.520     0.040738006
       17503.383     0.041686916
       17116.836     0.042657929
       16754.699     0.043651559
       16419.982     0.044668335
       16109.710     0.045708794
       15820.793     0.046773488
       15550.097     0.047862983
       15295.246     0.048977855
       15054.597     0.050118696
       14823.979     0.051286110
       14602.167     0.052480717
       14386.878     0.053703150
       14176.141     0.054954057
       13966.992     0.056234101
       13756.120     0.057543962
       13541.468     0.058884333
       13320.401     0.060255925
       13091.244     0.061659466
       12850.517     0.063095699
       12597.572     0.064565387
       12330.650     0.066069308
       12048.791     0.067608260
       11750.861     0.069183058
       11437.088     0.070794539
       11107.888     0.072443556
       10763.073     0.074130983
       10402.469     0.075857715
       10028.021     0.077624668
       9639.7285     0.079432779
       9240.5840     0.081283006
       8838.8604     0.083176330
       8444.3281     0.085113756
       8065.4756     0.087096310
       7709.0083     0.089125044
       7380.2944     0.091201032
       7084.2046     0.093325377
       6823.6606     0.095499205
       6601.8823     0.097723667
       6418.1909     0.099999943
       6264.1187      0.10232924
       6129.6528      0.10471280
       6006.8062      0.10715187
       5887.7812      0.10964776
       5765.9717      0.11220178
       5634.5034      0.11481530
       5487.7754      0.11748969
       5321.2935      0.12022637
       5135.9810      0.12302681
       4938.0449      0.12589247
       4735.1392      0.12882488
       4532.1875      0.13182560
       4333.9707      0.13489621
       4144.6587      0.13803835
       3967.4712      0.14125367
       3805.0559      0.14454389
       3659.0955      0.14791075
       3527.3071      0.15135604
       3406.1257      0.15488157
       3292.7878      0.15848923
       3184.4219      0.16218092
       3078.4678      0.16595859
       2973.2297      0.16982427
       2866.2131      0.17377998
       2756.6953      0.17782784
       2643.9636      0.18196998
       2529.8181      0.18620861
       2416.1045      0.19054596
       2304.8835      0.19498435
       2197.5754      0.19952612
       2095.1887      0.20417368
       1998.3378      0.20892949
       1908.4967      0.21379608
       1825.5817      0.21877603
       1749.7020      0.22387198
       1679.5034      0.22908663
       1613.8885      0.23442274
       1552.0123      0.23988315
       1493.0471      0.24547075
       1436.3048      0.25118850
       1381.1556      0.25703943
       1327.2035      0.26302664
       1273.8204      0.26915332
       1221.3030      0.27542271
       1169.7073      0.28183813
       1119.2240      0.28840298
       1070.2494      0.29512075
       1022.7426      0.30199499
       976.87396      0.30902936
       932.80566      0.31622758
       890.48859      0.32359347
       850.04492      0.33113093
       811.33624      0.33884396
       774.36499      0.34673664
       739.04346      0.35481318
       705.23285      0.36307784
       672.96503      0.37153501
       642.08618      0.38018917
       612.60211      0.38904491
       584.42749      0.39810693
       557.51715      0.40738003
       531.78058      0.41686913
       507.18173      0.42657926
       483.65378      0.43651557
       461.15530      0.44668332
       439.61401      0.45708792
       419.02350      0.46773486
       399.30048      0.47862980
       380.44012      0.48977852
       362.39987      0.50118693
       345.11374      0.51286107
       328.61499      0.52480714
       312.84509      0.53703147
       297.78375      0.54954054
       283.39847      0.56234099
       269.67624      0.57543959
       256.59015      0.58884330
       244.10788      0.60255922
       232.19620      0.61659463
       220.84473      0.63095696
       210.02847      0.64565384
       199.71785      0.66069305
       189.88841      0.67608256
       180.51079      0.69183055
       171.58136      0.70794535
       163.06960      0.72443552
       154.95715      0.74130979
       147.22810      0.75857711
       139.87358      0.77624664
       132.86455      0.79432775
       126.18616      0.81283002
       119.83403      0.83176326
       113.78664      0.85113752
       108.03471      0.87096305
       102.56162      0.89125039
       97.352882      0.91201028
       92.399597      0.93325373
       87.687141      0.95499200
       83.204147      0.97723662
       78.944008      0.99999938
       74.895317       1.0232924
       71.045204       1.0471279
       67.383614       1.0715186
       63.911140       1.0964775
       60.604828       1.1220178
       57.460117       1.1481529
       54.481831       1.1748968
       51.647655       1.2022637
       48.963684       1.2302680
       46.409389       1.2589246
       43.979565       1.2882487
       41.675346       1.3182559
       39.492023       1.3489620
       37.415798       1.3803834
       35.446888       1.4125367
       33.574818       1.4454389
       31.804899       1.4791075
       30.120432       1.5135603
       28.524412       1.5488156
       27.009937       1.5848922
       25.576063       1.6218091
       24.214054       1.6595859
       22.926027       1.6982426
       21.700794       1.7377997
       20.540045       1.7782783
       19.438549       1.8196997
       18.396805       1.8620860
       17.408796       1.9054595
       16.472721       1.9498434
       15.584252       1.9952611
       14.744771       2.0417367
       13.948374       2.0892948
       13.193283       2.1379607
       12.477970       2.1877602
       11.801877       2.2387197
       11.161214       2.2908662
       10.554165       2.3442273
       9.9794922       2.3988314
       9.4353523       2.4547074
       8.9200525       2.5118848
       8.4324875       2.5703941
       7.9711914       2.6302663
       7.5348096       2.6915331
       7.1215663       2.7542269
       6.7300210       2.8183811
       6.3600540       2.8840297
       6.0100541       2.9512073
       5.6786251       3.0199498
       5.3654103       3.0902934
       5.0689688       3.1622756
       4.7886825       3.2359345
       4.5234194       3.3113091
       4.2726579       3.3884394
       4.0357924       3.4673663
       3.8114223       3.5481316
       3.5998132       3.6307782
       3.3991923       3.7153499
       3.2097867       3.8018915
       3.0306323       3.8904489
       2.8614132       3.9810691
       2.7015414       4.0738001
       2.5504715       4.1686911
       2.4076779       4.2657924
       2.2725856       4.3651555
       2.1450026       4.4668330
       2.0245156       4.5708789
       1.9107085       4.6773484
       1.8031578       4.7862978
       1.7016530       4.8977850
       1.6056262       5.0118691
       1.5149784       5.1286105
       1.4294058       5.2480712
       1.3486011       5.3703144
       1.2723124       5.4954051
       1.2002978       5.6234096
       1.1321999       5.7543956
       1.0680234       5.8884327
       1.0073360       6.0255919
      0.95006019       6.1659460
      0.89602929       6.3095693
      0.84501272       6.4565380
      0.79687381       6.6069301
      0.75143719       6.7608253
      0.70853817       6.9183051
      0.66804868       7.0794532
      0.62985319       7.2443548
      0.59383392       7.4130975
      0.55984569       7.5857707
      0.52779126       7.7624660
      0.49749613       7.9432771
      0.46894583       8.1282998
      0.44200414       8.3176322
      0.41659588       8.5113747
      0.39263844       8.7096301
      0.37005809       8.9125034
      0.34874570       9.1201023
      0.32862878       9.3325368
      0.30966932       9.5499195
      0.29179135       9.7723657
      0.27493882       9.9999933
      0.25902325       10.232923
      0.24407111       10.471278
      0.22995339       10.715186
      0.21662427       10.964775
      0.20405149       11.220177
      0.19220889       11.481528
      0.18104364       11.748968
      0.17054304       12.022636
      0.16065262       12.302679
      0.15128966       12.589246
      0.14249296       12.882487
      0.13417919       13.182558
      0.12635769       13.489620
      0.11899691       13.803833
      0.11205604       14.125366
      0.10551814       14.454388
     0.099359468       14.791074
     0.093543485       15.135602
     0.088072740       15.488156
     0.082914449       15.848921
     0.078057952       16.218090
     0.073488876       16.595858
     0.069185361       16.982425
     0.065122664       17.377996
     0.061297547       17.782782
     0.057700332       18.196996
     0.054307859       18.620859
     0.051112812       19.054594
     0.048108228       19.498433
     0.045276500       19.952609
     0.042606201       20.417365
     0.040096119       20.892947
     0.037734397       21.379606
     0.035509031       21.877601
     0.033411168       22.387196
     0.031437948       22.908661
     0.029579293       23.442272
     0.027829237       23.988313
     0.026184220       24.547072
     0.024634114       25.118847
     0.023176717       25.703940
     0.021802533       26.302662
     0.020510809       26.915329
     0.019292820       27.542268
     0.018147351       28.183810
     0.017070549       28.840295
     0.016055923       29.512072
     0.015102271       30.199496
     0.014203485       30.902933
     0.013358658       31.622755
     0.012562415       32.359343
     0.011814179       33.113089
     0.011110129       33.884392
     0.010447429       34.673661
    0.0098244734       35.481314
    0.0092383912       36.307780
    0.0086859809       37.153497
    0.0081672473       38.018913
    0.0076791239       38.904487
    0.0072195441       39.810689
    0.0067877248       40.737999
    0.0063814488       41.686909
    0.0059989905       42.657922
    0.0056390897       43.651553
    0.0053008748       44.668328
    0.0049828691       45.708787
    0.0046837586       46.773481
    0.0044025877       47.862976
    0.0041378695       48.977847
    0.0038890122       50.118688
    0.0036550378       51.286102
    0.0034348401       52.480709
    0.0032279657       53.703142
    0.0030335584       54.954049
    0.0028507779       56.234093
    0.0026792774       57.543953
    0.0025180026       58.884324
    0.0023663782       60.255916
    0.0022238304       61.659456
    0.0020898196       63.095690
    0.0019638380       64.565377
    0.0018454075       66.069298
    0.0017340784       67.608249
    0.0016294275       69.183048
    0.0015310569       70.794528
    0.0014385922       72.443544
    0.0013516807       74.130971
    0.0012699913       75.857703
    0.0011932118       77.624656
    0.0011210492       79.432767
    0.0010532273       81.282993
   0.00098948681       83.176318
   0.00092958345       85.113743
   0.00087328762       87.096297
   0.00082038325       89.125030
   0.00077066734       91.201018
   0.00072394882       93.325363
   0.00068004796       95.499190
   0.00063879578       97.723652
   0.00060003344       99.999928
   0.00056361151       102.32923
   0.00052938936       104.71278
   0.00049723499       107.15185
   0.00046702405       109.64774
   0.00043863978       112.20176
   0.00041197229       114.81528
   0.00038691831       117.48967
   0.00036338076       120.22636
   0.00034126831       123.02679
   0.00032049514       125.89245
   0.00030098055       128.82486
   0.00028264869       131.82558
   0.00026542824       134.89619
   0.00024925216       138.03833
   0.00023405744       141.25365
   0.00021978485       144.54387
   0.00020637868       147.91073
   0.00019378663       151.35601
   0.00018195948       154.88155
   0.00017085098       158.48920
   0.00016041771       162.18089
   0.00015061881       165.95857
   0.00014141588       169.82424
   0.00013277287       173.77996
   0.00012465584       177.82781
   0.00011703296       181.96995
   0.00010987429       186.20858
   0.00010315167       190.54593
   9.6838667e-05       194.98432
   9.0910449e-05       199.52608
   8.5343658e-05       204.17364
   8.0116355e-05       208.92946
   7.5207943e-05       213.79605
   7.0599039e-05       218.77600
   6.6271459e-05       223.87195
   6.2208106e-05       229.08660
   5.8392910e-05       234.42271
   5.4810786e-05       239.88311
   5.1447554e-05       245.47071
   4.8289898e-05       251.18846
   4.5325305e-05       257.03939
   4.2542018e-05       263.02660
   3.9929000e-05       269.15328
   3.7475875e-05       275.42267
   3.5172900e-05       281.83808
   3.3010921e-05       288.40294
   3.0981344e-05       295.12070
   2.9076091e-05       301.99495
   2.7287577e-05       309.02931
   2.5608679e-05       316.22753
   2.4032704e-05       323.59342
   2.2553369e-05       331.13087
   2.1164769e-05       338.84390
   1.9861363e-05       346.73659
   1.8637944e-05       354.81312
   1.7489619e-05       363.07778
   1.6411801e-05       371.53495
   1.5400175e-05       380.18911
   1.4450692e-05       389.04485
   1.3559548e-05       398.10687
   1.2723172e-05       407.37997
   1.1938212e-05       416.86907
   1.1201517e-05       426.57920
   1.0510131e-05       436.51550
   9.8612782e-06       446.68326
   9.2523505e-06       457.08784
   8.6809005e-06       467.73479
   8.1446296e-06       478.62973
   7.6413799e-06       489.77845
   7.1691252e-06       501.18685
   6.7259634e-06       512.86100
   6.3101088e-06       524.80706
   5.9198842e-06       537.03139
   5.5537157e-06       549.54046
   5.2101250e-06       562.34090
   4.8877250e-06       575.43950
   4.5852130e-06       588.84321
   4.3013670e-06       602.55913
   4.0350378e-06       616.59453
   3.7851494e-06       630.95686
   3.5506894e-06       645.65374
   3.3307085e-06       660.69294
   3.1243158e-06       676.08246
   2.9306741e-06       691.83044
   2.7489989e-06       707.94524
   2.5785525e-06       724.43541
   2.4186434e-06       741.30967
   2.2686220e-06       758.57699
   2.1278793e-06       776.24652
   1.9958427e-06       794.32763
   1.8719758e-06       812.82989
   1.7557743e-06       831.76313
   1.6467654e-06       851.13738
   1.5445055e-06       870.96292
   1.4485777e-06       891.25025
   1.3585914e-06       912.01014
   1.2741795e-06       933.25358
   1.1949977e-06       954.99185
   1.1207231e-06       977.23647
   1.0510523e-06       999.99923
   9.8570092e-07       1023.2922
   9.2440200e-07       1047.1277
   8.6690477e-07       1071.5185
   8.1297435e-07       1096.4773
   7.6238996e-07       1122.0176
   7.1494469e-07       1148.1527
   6.7044425e-07       1174.8966
   6.2870640e-07       1202.2635
   5.8956016e-07       1230.2678
   5.5284499e-07       1258.9244
   5.1841039e-07       1288.2485
   4.8611503e-07       1318.2557
   4.5582649e-07       1348.9618
   4.2742033e-07       1380.3832
   4.0077992e-07       1412.5364
   3.7579576e-07       1445.4386
   3.5236519e-07       1479.1072
   3.3039188e-07       1513.5601
   3.0978541e-07       1548.8154
   2.9046097e-07       1584.8920
   2.7233907e-07       1621.8088
   2.5534501e-07       1659.5856
   2.3940882e-07       1698.2423
   2.2446480e-07       1737.7995
   2.1045135e-07       1778.2780
   1.9731068e-07       1819.6994
   1.8498856e-07       1862.0857
   1.7343413e-07       1905.4592
   1.6259970e-07       1949.8431
   1.5244051e-07       1995.2607
   1.4291457e-07       2041.7363
   1.3398254e-07       2089.2945
   1.2560744e-07       2137.9604
   1.1775467e-07       2187.7599
   1.1039170e-07       2238.7194
   1.0348808e-07       2290.8658
   9.7015224e-08       2344.2270
   9.0946301e-08       2398.8310
   8.5256183e-08       2454.7070
   7.9921271e-08       2511.8844
   7.4919448e-08       2570.3937
   7.0229966e-08       2630.2659
   6.5833369e-08       2691.5327
   6.1711411e-08       2754.2265
   5.7846972e-08       2818.3807
   5.4224003e-08       2884.0292
   5.0827449e-08       2951.2069
   4.7643194e-08       3019.9493
   4.4658002e-08       3090.2930
   4.1859455e-08       3162.2751
   3.9235907e-08       3235.9340
   3.6776445e-08       3311.3086
   3.4470826e-08       3388.4389
   3.2309451e-08       3467.3657
   3.0283317e-08       3548.1311
   2.8383978e-08       3630.7776
   2.6603516e-08       3715.3493
   2.4934510e-08       3801.8909
   2.3369996e-08       3890.4483
   2.1903448e-08       3981.0685
   2.0528745e-08       4073.7995
   1.9240145e-08       4168.6905
   1.8032271e-08       4265.7918
   1.6900072e-08       4365.1548
   1.5838820e-08       4466.8323
   1.4844079e-08       4570.8782
   1.3911688e-08       4677.3476
   1.3037747e-08       4786.2971
   1.2218600e-08       4897.7842
   1.1450820e-08       5011.8683
   1.0731190e-08       5128.6097
   1.0056699e-08       5248.0704
   9.4245207e-09       5370.3136
   8.8320053e-09       5495.4043
   8.2766700e-09       5623.4087
   7.7561877e-09       5754.3947
   7.2683735e-09       5888.4318
   6.8111823e-09       6025.5910
   6.3826953e-09       6165.9450
   5.9811138e-09       6309.5683
   5.6047522e-09       6456.5370
   5.2520290e-09       6606.9291
   4.9214632e-09       6760.8242
   4.6116648e-09       6918.3041
   4.3213326e-09       7079.4521
   4.0492454e-09       7244.3537
   3.7942587e-09       7413.0964
   3.5553001e-09       7585.7696
   3.3313636e-09       7762.4648
   3.1215073e-09       7943.2758
   2.9248470e-09       8128.2985
   2.7405549e-09       8317.6309
   2.5678544e-09       8511.3734
   2.4060176e-09       8709.6288
   2.2543627e-09       8912.5021
   2.1122504e-09       9120.1009
   1.9790809e-09       9332.5353
   1.8542929e-09       9549.9180
   1.7373597e-09       9772.3642
   1.6277878e-09       9999.9918
   1.5251146e-09       10232.921
   1.4289065e-09       10471.277
   1.3387573e-09       10715.184
   1.2542859e-09       10964.773
   1.1751355e-09       11220.175
   1.1009715e-09       11481.527
   1.0314803e-09       11748.966
   9.6636799e-10       12022.634
   9.0535907e-10       12302.678
   8.4819551e-10       12589.244
   7.9463525e-10       12882.485
   7.4445167e-10       13182.556
   6.9743217e-10       13489.618
   6.5337763e-10       13803.831
   6.1210137e-10       14125.364
   5.7342853e-10       14454.386
   5.3719512e-10       14791.072
   5.0324761e-10       15135.600
   4.7144200e-10       15488.153
   4.4164331e-10       15848.919
   4.1372519e-10       16218.087
   3.8756914e-10       16595.855
   3.6306411e-10       16982.422
   3.4010605e-10       17377.994
   3.1859751e-10       17782.779
   2.9844710e-10       18196.993
   2.7956917e-10       18620.856
   2.6188351e-10       19054.591
   2.4531499e-10       19498.430
   2.2979309e-10       19952.606
   2.1525184e-10       20417.362
   2.0162937e-10       20892.944
   1.8886773e-10       21379.603
   1.7691260e-10       21877.598
   1.6571308e-10       22387.193
   1.5522152e-10       22908.657
   1.4539321e-10       23442.268
   1.3618630e-10       23988.309
   1.2756154e-10       24547.068
   1.1948222e-10       25118.843
   1.1191387e-10       25703.936
   1.0482422e-10       26302.658
   9.8183045e-11       26915.325
   9.1962028e-11       27542.264
   8.6134613e-11       28183.805
   8.0675945e-11       28840.291
   7.5562723e-11       29512.067
   7.0773117e-11       30199.492
   6.6286678e-11       30902.928
   6.2084247e-11       31622.750
   5.8147865e-11       32359.338
   5.4460717e-11       33113.084
   5.1007046e-11       33884.387
   4.7772092e-11       34673.656
   4.4742023e-11       35481.309
   4.1903876e-11       36307.775
   3.9245520e-11       37153.491
   3.6755581e-11       38018.907
   3.4423398e-11       38904.481
   3.2239000e-11       39810.683
   3.0193025e-11       40737.993
   2.8276723e-11       41686.903
   2.6481883e-11       42657.915
   2.4800816e-11       43651.546
   2.3226320e-11       44668.321
   2.1751653e-11       45708.780
   2.0370488e-11       46773.474
   1.9076910e-11       47862.968
   1.7865371e-11       48977.840
   1.6730672e-11       50118.680
   1.5667950e-11       51286.094
   1.4672645e-11       52480.701
   1.3740484e-11       53703.133
   1.2867468e-11       54954.040
   1.2049849e-11       56234.084
   1.1284117e-11       57543.944
   1.0566983e-11       58884.315
   9.8953666e-12       60255.907
   9.2663837e-12       61659.447
   8.6773306e-12       63095.680
   8.1256763e-12       64565.367
   7.6090488e-12       66069.288
   7.1252279e-12       67608.239
   6.6721325e-12       69183.037
   6.2478139e-12       70794.517
   5.8504473e-12       72443.533
   5.4783222e-12       74130.960
   5.1298380e-12       75857.692
   4.8034944e-12       77624.644
   4.4978869e-12       79432.754
   4.2116987e-12       81282.981
   3.9436982e-12       83176.305
   3.6927306e-12       85113.730
   3.4577152e-12       87096.283
   3.2376389e-12       89125.016
   3.0315533e-12       91201.004
   2.8385703e-12       93325.349
   2.6578577e-12       95499.175
   2.4886363e-12       97723.637
   2.3301764e-12       99999.913
   2.1817942e-12       102329.21
   2.0428500e-12       104712.76
   1.9127441e-12       107151.84
   1.7909146e-12       109647.72
   1.6768361e-12       112201.75
   1.5700158e-12       114815.26
   1.4699926e-12       117489.65
   1.3763346e-12       120226.34
   1.2886369e-12       123026.77
   1.2065209e-12       125892.43
   1.1296317e-12       128824.84
   1.0576369e-12       131825.56
   9.9022559e-13       134896.17
   9.2710605e-13       138038.30
   8.6800537e-13       141253.63
   8.1266813e-13       144543.85
   7.6085481e-13       147910.71
   7.1234132e-13       151355.99
   6.6691775e-13       154881.52
   6.2438753e-13       158489.18
   5.8456657e-13       162180.87
   5.4728249e-13       165958.54
   5.1237378e-13       169824.21
   4.7968937e-13       173779.93
   4.4908768e-13       177827.78
   4.2043612e-13       181969.92
   3.9361057e-13       186208.55
   3.6849476e-13       190545.90
   3.4497988e-13       194984.29
   3.2296396e-13       199526.05
   3.0235157e-13       204173.61
   2.8305334e-13       208929.43
   2.6498557e-13       213796.02
   2.4806988e-13       218775.97
   2.3223291e-13       223871.91
   2.1740594e-13       229086.56
   2.0352463e-13       234422.67
   1.9052872e-13       239883.08
   1.7836179e-13       245470.67
   1.6697104e-13       251188.42
   1.5630699e-13       257039.35
   1.4632334e-13       263026.56
   1.3697672e-13       269153.24
   1.2822653e-13       275422.62
   1.2003475e-13       281838.04
   1.1236576e-13       288402.89
   1.0518627e-13       295120.66
   9.8465032e-14       301994.90
   9.2172851e-14       309029.27
   8.6282361e-14       316227.48
   8.0767939e-14       323593.37
   7.5605605e-14       331130.82
   7.0772903e-14       338843.85
   6.6248805e-14       346736.54
   6.2013620e-14       354813.07
   5.8048923e-14       363077.73
   5.4337452e-14       371534.89
   5.0863051e-14       380189.05
   4.7610597e-14       389044.79
   4.4565920e-14       398106.81
   4.1715763e-14       407379.91
   3.9047711e-14       416869.01
   3.6550139e-14       426579.13
   3.4212166e-14       436515.44
   3.2023602e-14       446683.19
   2.9974910e-14       457087.77
   2.8057157e-14       467734.72
   2.6261985e-14       478629.66
   2.4581567e-14       489778.37
   2.3008573e-14       501186.78
   2.1536141e-14       512860.92
   2.0157851e-14       524806.98
   1.8867689e-14       537031.31
   1.7660025e-14       549540.37
   1.6529589e-14       562340.81
   1.5471448e-14       575439.41
   1.4480980e-14       588843.12
   1.3553865e-14       602559.03
   1.2686053e-14       616594.44
   1.1873754e-14       630956.77
   1.1113420e-14       645653.64
   1.0401731e-14       660692.84
   9.7355756e-15       676082.35
   9.1120450e-15       691830.34
   8.5284148e-15       707945.13
   7.9821319e-15       724435.29
   7.4708111e-15       741309.56
   6.9922146e-15       758576.88
   6.5442519e-15       776246.40
   6.1249630e-15       794327.50
   5.7325140e-15       812829.77
   5.3651893e-15       831763.00
   5.0213811e-15       851137.25
   4.6995857e-15       870962.79
   4.3983943e-15       891250.11
   4.1164899e-15       912010.00
   3.8526375e-15       933253.44
   3.6056829e-15       954991.70
   3.3745447e-15       977236.32
   3.1582106e-15       999999.07
   2.9557335e-15       1023292.0
   2.7662264e-15       1047127.6
   2.5888594e-15       1071518.3
   2.4228554e-15       1096477.2
   2.2674871e-15       1122017.4
   2.1220735e-15       1148152.6
   1.9859776e-15       1174896.5
   1.8586027e-15       1202263.3
   1.7393904e-15       1230267.6
   1.6278183e-15       1258924.2
   1.5233970e-15       1288248.4
   1.4256686e-15       1318255.5
   1.3342045e-15       1348961.6
   1.2486035e-15       1380383.0
   1.1684901e-15       1412536.2
   1.0935129e-15       1445438.4
   1.0233426e-15       1479107.0
   9.5767154e-16       1513559.8
   8.9621147e-16       1548815.2
   8.3869248e-16       1584891.7
   7.8486211e-16       1621808.6
   7.3448403e-16       1659585.4
   6.8733701e-16       1698242.1
   6.4321395e-16       1737799.2
   6.0192115e-16       1778277.7
   5.6327712e-16       1819699.1
   5.2711215e-16       1862085.4
   4.9326731e-16       1905458.9
   4.6159383e-16       1949842.8
   4.3195263e-16       1995260.4
   4.0421333e-16       2041736.0
   3.7825405e-16       2089294.2
   3.5396062e-16       2137960.1
   3.3122623e-16       2187759.6
   3.0995090e-16       2238719.0
   2.9004110e-16       2290865.5
   2.7140921e-16       2344226.6
   2.5397333e-16       2398830.6
   2.3765669e-16       2454706.6
   2.2238755e-16       2511884.1
   2.0809867e-16       2570393.3
   1.9472720e-16       2630265.5
   1.8221426e-16       2691532.3
   1.7050479e-16       2754226.1
   1.5954725e-16       2818380.3
   1.4929336e-16       2884028.8
   1.3969798e-16       2951206.4
   1.3071885e-16       3019948.8
   1.2231644e-16       3090292.5
   1.1445373e-16       3162274.6
   1.0709607e-16       3235933.5
   1.0021105e-16       3311308.1
   9.3768334e-17       3388438.3
   8.7739531e-17       3467365.2
   8.2098060e-17       3548130.5
   7.6819066e-17       3630777.1
   7.1879269e-17       3715348.7
   6.7256891e-17       3801890.3
   6.2931557e-17       3890447.7
   5.8884182e-17       3981067.9
   5.5096929e-17       4073798.9
   5.1553085e-17       4168689.8
   4.8237021e-17       4265791.1
   4.5134104e-17       4365154.1
   4.2230644e-17       4466831.6
   3.9513832e-17       4570877.5
   3.6971678e-17       4677346.9
   3.4592958e-17       4786296.3
   3.2367177e-17       4897783.5
   3.0284505e-17       5011867.5
   2.8335753e-17       5128608.9
   2.6512310e-17       5248069.5
   2.4806127e-17       5370312.8
   2.3209669e-17       5495403.4
   2.1715885e-17       5623407.8
   2.0318173e-17       5754393.8
   1.9010362e-17       5888430.9
   1.7786674e-17       6025590.0
   1.6641699e-17       6165944.1
   1.5570380e-17       6309567.3
   1.4567981e-17       6456536.0
   1.3630070e-17       6606928.1
   1.2752504e-17       6760823.2
   1.1931400e-17       6918303.0
   1.1163131e-17       7079451.0
   1.0444298e-17       7244352.6
   9.7717211e-18       7413095.2
   9.1424278e-18       7585768.4
   8.5536332e-18       7762463.6
   8.0027342e-18       7943274.6
   7.4872915e-18       8128297.3
   7.0050262e-18       8317629.6
   6.5538041e-18       8511372.1
   6.1316273e-18       8709627.4
   5.7366287e-18       8912500.7
   5.3670588e-18       9120099.5
   5.0212824e-18       9332533.9
   4.6977684e-18       9549916.5
   4.3950844e-18       9772362.7
   4.1118900e-18       9999990.2
   3.8469317e-18       10232920.
   3.5990351e-18       10471275.
   3.3671030e-18       10715183.
   3.1501077e-18       10964771.
   2.9470878e-18       11220174.
   2.7571439e-18       11481525.
   2.5794345e-18       11748964.
   2.4131721e-18       12022633.
   2.2576195e-18       12302676.
   2.1120874e-18       12589242.
   1.9759310e-18       12882483.
   1.8485462e-18       13182554.
   1.7293688e-18       13489616.
   1.6178699e-18       13803829.
   1.5135554e-18       14125362.
   1.4159626e-18       14454383.
   1.3246585e-18       14791069.
   1.2392383e-18       15135598.
   1.1593230e-18       15488151.
   1.0845581e-18       15848916.
   1.0146118e-18       16218085.
   9.4917373e-19       16595853.
   8.8795368e-19       16982420.
   8.3067969e-19       17377991.
   7.7709777e-19       17782776.
   7.2697001e-19       18196991.
   6.8007383e-19       18620853.
   6.3620105e-19       19054588.
   5.9515692e-19       19498427.
   5.5675909e-19       19952603.
   5.2083712e-19       20417359.
   4.8723146e-19       20892941.
   4.5579280e-19       21379600.
   4.2638154e-19       21877594.
   3.9886701e-19       22387189.
   3.7312693e-19       22908654.
   3.4904698e-19       23442265.
   3.2652011e-19       23988305.
   3.0544624e-19       24547065.
   2.8573171e-19       25118839.
   2.6728886e-19       25703932.
   2.5003576e-19       26302654.
   2.3389566e-19       26915321.
   2.1879682e-19       27542259.
   2.0467209e-19       28183801.
   1.9145869e-19       28840286.
   1.7909785e-19       29512063.
   1.6753458e-19       30199487.
   1.5671744e-19       30902923.
   1.4659834e-19       31622745.
   1.3713225e-19       32359333.
   1.2827705e-19       33113079.
   1.1999335e-19       33884382.
   1.1224427e-19       34673650.
   1.0499535e-19       35481303.
   9.8214308e-20       36307769.
   9.1870970e-20       37153485.
   8.5937093e-20       38018901.
   8.0386271e-20       38904475.
   7.5193787e-20       39810677.
   7.0336525e-20       40737987.
   6.5792847e-20       41686896.
   6.1542522e-20       42657909.
   5.7566627e-20       43651539.
   5.3847448e-20       44668314.
   5.0368420e-20       45708773.
   4.7114046e-20       46773467.
   4.4069828e-20       47862961.
   4.1222200e-20       48977832.
   3.8558475e-20       50118673.
   3.6066784e-20       51286086.
   3.3736022e-20       52480693.
   3.1555800e-20       53703125.
   2.9516399e-20       54954032.
   2.7608733e-20       56234075.
   2.5824294e-20       57543935.
   2.4155128e-20       58884306.
   2.2593791e-20       60255897.
   2.1133321e-20       61659437.
   1.9767208e-20       63095670.
   1.8489356e-20       64565357.
   1.7294067e-20       66069277.
   1.6176010e-20       67608229.
   1.5130198e-20       69183026.
   1.4151963e-20       70794506.
   1.3236942e-20       72443522.
   1.2381054e-20       74130948.
   1.1580477e-20       75857680.
   1.0831639e-20       77624632.
   1.0131200e-20       79432742.
   9.4760317e-21       81282968.
   8.8632096e-21       83176292.
   8.2899993e-21       85113717.
   7.7538408e-21       87096270.
   7.2523408e-21       89125002.
   6.7832607e-21       91200990.
   6.3445044e-21       93325334.
   5.9341133e-21       95499160.
   5.5502551e-21       97723622.
   5.1912147e-21       99999897.
   4.8553882e-21   1.0232919e+08
   4.5412761e-21   1.0471275e+08
   4.2474747e-21   1.0715182e+08
   3.9726714e-21   1.0964771e+08
   3.7156384e-21   1.1220173e+08
   3.4752273e-21   1.1481524e+08
   3.2503636e-21   1.1748963e+08
   3.0400424e-21   1.2022632e+08
   2.8433237e-21   1.2302675e+08
   2.6593283e-21   1.2589241e+08
   2.4872336e-21   1.2882482e+08
   2.3262700e-21   1.3182554e+08
   2.1757185e-21   1.3489615e+08
   2.0349053e-21   1.3803828e+08
   1.9032012e-21   1.4125361e+08
   1.7800174e-21   1.4454383e+08
   1.6648025e-21   1.4791069e+08
   1.5570415e-21   1.5135597e+08
   1.4562523e-21   1.5488150e+08
   1.3619842e-21   1.5848915e+08
   1.2738154e-21   1.6218084e+08
   1.1913516e-21   1.6595852e+08
   1.1142237e-21   1.6982419e+08
   1.0420866e-21   1.7377990e+08
   9.7461768e-22   1.7782776e+08
   9.1151477e-22   1.8196990e+08
   8.5249565e-22   1.8620852e+08
   7.9729604e-22   1.9054587e+08
   7.4566899e-22   1.9498426e+08
   6.9738333e-22   1.9952602e+08
   6.5222293e-22   2.0417358e+08
   6.0998557e-22   2.0892939e+08
   5.7048219e-22   2.1379599e+08
   5.3353589e-22   2.1877593e+08
   4.9898126e-22   2.2387188e+08
   4.6666350e-22   2.2908653e+08
   4.3643789e-22   2.3442264e+08
   4.0816910e-22   2.3988304e+08
   3.8173045e-22   2.4547063e+08
   3.5700356e-22   2.5118838e+08
   3.3387762e-22   2.5703931e+08
   3.1224902e-22   2.6302652e+08
   2.9202088e-22   2.6915320e+08
   2.7310259e-22   2.7542258e+08
   2.5540931e-22   2.8183800e+08
   2.3886181e-22   2.8840285e+08
   2.2338587e-22   2.9512061e+08
   2.0891219e-22   3.0199485e+08
   1.9537586e-22   3.0902922e+08
   1.8271620e-22   3.1622743e+08
   1.7087649e-22   3.2359332e+08
   1.5980361e-22   3.3113077e+08
   1.4944793e-22   3.3884380e+08
   1.3976303e-22   3.4673648e+08
   1.3070548e-22   3.5481301e+08
   1.2223464e-22   3.6307767e+08
   1.1431256e-22   3.7153484e+08
   1.0690367e-22   3.8018899e+08
   9.9974753e-23   3.8904473e+08
   9.3494734e-23   3.9810675e+08
   8.7434541e-23   4.0737985e+08
   8.1766992e-23   4.1686894e+08
   7.6466648e-23   4.2657907e+08
   7.1509736e-23   4.3651537e+08
   6.6874011e-23   4.4668312e+08
   6.2538677e-23   4.5708770e+08
   5.8484267e-23   4.6773464e+08
   5.4692591e-23   4.7862958e+08
   5.1146636e-23   4.8977830e+08
   4.7830479e-23   5.0118670e+08
   4.4729234e-23   5.1286084e+08
   4.1828983e-23   5.2480690e+08
   3.9116703e-23   5.3703122e+08
   3.6580219e-23   5.4954029e+08
   3.4208136e-23   5.6234072e+08
   3.1989809e-23   5.7543932e+08
   2.9915275e-23   5.8884303e+08
   2.7975217e-23   6.0255894e+08
   2.6160920e-23   6.1659434e+08
   2.4464238e-23   6.3095667e+08
   2.2877547e-23   6.4565354e+08
   2.1393723e-23   6.6069274e+08
   2.0006098e-23   6.7608225e+08
   1.8708437e-23   6.9183023e+08
   1.7494912e-23   7.0794502e+08
   1.6360068e-23   7.2443518e+08
   1.5298809e-23   7.4130945e+08
   1.4306363e-23   7.5857676e+08
   1.3378270e-23   7.7624628e+08
   1.2510361e-23   7.9432738e+08
   1.1698733e-23   8.1282964e+08
   1.0939739e-23   8.3176288e+08
   1.0229967e-23   8.5113712e+08
   9.5662259e-24   8.7096265e+08
   8.9455320e-24   8.9124998e+08
   8.3650944e-24   9.1200986e+08
   7.8223037e-24   9.3325329e+08
   7.3147183e-24   9.5499155e+08
   6.8400567e-24   9.7723617e+08
   6.3961840e-24   9.9999892e+08
   5.9811039e-24   1.0232919e+09
   5.5929493e-24   1.0471274e+09
   5.2299746e-24   1.0715181e+09
   4.8905467e-24   1.0964770e+09
   4.5731391e-24   1.1220172e+09
   4.2763239e-24   1.1481524e+09
   3.9987651e-24   1.1748963e+09
   3.7392141e-24   1.2022631e+09
   3.4965037e-24   1.2302674e+09
   3.2695409e-24   1.2589240e+09
   3.0573046e-24   1.2882482e+09
   2.8588400e-24   1.3182553e+09
   2.6732534e-24   1.3489614e+09
   2.4997097e-24   1.3803828e+09
   2.3374278e-24   1.4125360e+09
   2.1856770e-24   1.4454382e+09
   2.0437745e-24   1.4791068e+09
   1.9110810e-24   1.5135596e+09
   1.7869995e-24   1.5488149e+09
   1.6709711e-24   1.5848915e+09
   1.5624733e-24   1.6218083e+09
   1.4610176e-24   1.6595851e+09
   1.3661472e-24   1.6982418e+09
   1.2774347e-24   1.7377989e+09
   1.1944807e-24   1.7782775e+09
   1.1169115e-24   1.8196989e+09
   1.0443776e-24   1.8620851e+09
   9.7655231e-25   1.9054586e+09
   9.1313016e-25   1.9498425e+09
   8.5382538e-25   1.9952601e+09
   7.9837072e-25   2.0417357e+09
   7.4651643e-25   2.0892938e+09
   6.9802875e-25   2.1379597e+09
   6.5268926e-25   2.1877592e+09
   6.1029361e-25   2.2387187e+09
   5.7065079e-25   2.2908651e+09
   5.3358202e-25   2.3442262e+09
   4.9892026e-25   2.3988303e+09
   4.6650931e-25   2.4547062e+09
   4.3620305e-25   2.5118837e+09
   4.0786488e-25   2.5703930e+09
   3.8136701e-25   2.6302651e+09
   3.5659000e-25   2.6915318e+09
   3.3342212e-25   2.7542257e+09
   3.1175889e-25   2.8183798e+09
   2.9150267e-25   2.8840283e+09
   2.7256207e-25   2.9512060e+09
   2.5485170e-25   3.0199484e+09
   2.3829168e-25   3.0902920e+09
   2.2280730e-25   3.1622742e+09
   2.0832877e-25   3.2359330e+09
   1.9479071e-25   3.3113075e+09
   1.8213209e-25   3.3884378e+09
   1.7029582e-25   3.4673647e+09
   1.5922846e-25   3.5481300e+09
   1.4888009e-25   3.6307765e+09
   1.3920402e-25   3.7153482e+09
   1.3015660e-25   3.8018897e+09
   1.2169699e-25   3.8904471e+09
   1.1378702e-25   3.9810673e+09
   1.0639100e-25   4.0737982e+09
   9.9475520e-26   4.1686892e+09
   9.3009394e-26   4.2657904e+09
   8.6963435e-26   4.3651535e+09
   8.1310340e-26   4.4668309e+09
   7.6024596e-26   4.5708768e+09
   7.1082339e-26   4.6773462e+09
   6.6461260e-26   4.7862956e+09
   6.2140490e-26   4.8977827e+09
   5.8100518e-26   5.0118667e+09
   5.4323107e-26   5.1286081e+09
   5.0791198e-26   5.2480687e+09
   4.7488841e-26   5.3703120e+09
   4.4401122e-26   5.4954026e+09
   4.1514095e-26   5.6234070e+09
   3.8814721e-26   5.7543929e+09
   3.6290806e-26   5.8884300e+09
   3.3930951e-26   6.0255891e+09
   3.1724494e-26   6.1659431e+09
   2.9661469e-26   6.3095664e+09
   2.7732556e-26   6.4565350e+09
   2.5929035e-26   6.6069271e+09
   2.4242763e-26   6.7608222e+09
   2.2666119e-26   6.9183019e+09
   2.1191976e-26   7.0794499e+09
   1.9813675e-26   7.2443515e+09
   1.8524985e-26   7.4130941e+09
   1.7320085e-26   7.5857672e+09
   1.6193526e-26   7.7624624e+09
   1.5140218e-26   7.9432734e+09
   1.4155397e-26   8.1282960e+09
   1.3234615e-26   8.3176283e+09
   1.2373708e-26   8.5113708e+09
   1.1568782e-26   8.7096261e+09
   1.0816201e-26   8.9124993e+09
   1.0112561e-26   9.1200981e+09
   9.4546798e-27   9.3325325e+09
   8.8395832e-27   9.5499151e+09
   8.2644897e-27   9.7723611e+09
   7.7267994e-27   9.9999887e+09
   7.2240785e-27   1.0232918e+10
   6.7540553e-27   1.0471274e+10
   6.3146027e-27   1.0715181e+10
   5.9037341e-27   1.0964770e+10
   5.5195900e-27   1.1220172e+10
   5.1604330e-27   1.1481523e+10
   4.8246386e-27   1.1748962e+10
   4.5106874e-27   1.2022631e+10
   4.2171587e-27   1.2302674e+10
   3.9427253e-27   1.2589240e+10
   3.6861444e-27   1.2882481e+10
   3.4462560e-27   1.3182552e+10
   3.2219737e-27   1.3489613e+10
   3.0122831e-27   1.3803827e+10
   2.8162348e-27   1.4125359e+10
   2.6329419e-27   1.4454381e+10
   2.4615746e-27   1.4791067e+10
   2.3013571e-27   1.5135595e+10
   2.1515644e-27   1.5488149e+10
   2.0115185e-27   1.5848914e+10
   1.8805853e-27   1.6218082e+10
   1.7581718e-27   1.6595850e+10
   1.6437242e-27   1.6982417e+10
   1.5367241e-27   1.7377988e+10
   1.4366870e-27   1.7782774e+10
   1.3431600e-27   1.8196988e+10
   1.2557196e-27   1.8620850e+10
   1.1739699e-27   1.9054585e+10
   1.0975404e-27   1.9498424e+10
   1.0260852e-27   1.9952600e+10
   9.5928057e-28   2.0417356e+10
   8.9682401e-28   2.0892937e+10
   8.3843251e-28   2.1379596e+10
   7.8384169e-28   2.1877591e+10
   7.3280416e-28   2.2387186e+10
   6.8508872e-28   2.2908650e+10
   6.4047927e-28   2.3442261e+10
   5.9877364e-28   2.3988302e+10
   5.5978285e-28   2.4547061e+10
   5.2333025e-28   2.5118835e+10
   4.8925068e-28   2.5703928e+10
   4.5738973e-28   2.6302650e+10
   4.2760296e-28   2.6915317e+10
   3.9975538e-28   2.7542255e+10
   3.7372083e-28   2.8183797e+10
   3.4938129e-28   2.8840282e+10
   3.2662643e-28   2.9512058e+10
   3.0535311e-28   3.0199482e+10
   2.8546492e-28   3.0902919e+10
   2.6687168e-28   3.1622740e+10
   2.4948911e-28   3.2359328e+10
   2.3323837e-28   3.3113074e+10
   2.1804584e-28   3.3884376e+10
   2.0384262e-28   3.4673645e+10
   1.9056427e-28   3.5481298e+10
   1.7815063e-28   3.6307763e+10
   1.6654538e-28   3.7153480e+10
   1.5569591e-28   3.8018895e+10
   1.4555300e-28   3.8904469e+10
   1.3607065e-28   3.9810671e+10
   1.2720587e-28   4.0737980e+10
   1.1891843e-28   4.1686890e+10
   1.1117077e-28   4.2657902e+10
   1.0392772e-28   4.3651532e+10
   9.7156431e-29   4.4668307e+10
   9.0826182e-29   4.5708766e+10
   8.4908263e-29   4.6773460e+10
   7.9375818e-29   4.7862953e+10
   7.4203752e-29   4.8977825e+10
   6.9368590e-29   5.0118665e+10
   6.4848402e-29   5.1286078e+10
   6.0622665e-29   5.2480685e+10
   5.6672210e-29   5.3703117e+10
   5.2979113e-29   5.4954023e+10
   4.9526610e-29   5.6234067e+10
   4.6299028e-29   5.7543926e+10
   4.3281722e-29   5.8884297e+10
   4.0460996e-29   6.0255888e+10
   3.7824048e-29   6.1659428e+10
   3.5358906e-29   6.3095660e+10
   3.3054381e-29   6.4565347e+10
   3.0900008e-29   6.6069267e+10
   2.8886009e-29   6.7608218e+10
   2.7003244e-29   6.9183016e+10
   2.5243158e-29   7.0794495e+10
   2.3597762e-29   7.2443511e+10
   2.2059585e-29   7.4130937e+10
   2.0621644e-29   7.5857668e+10
   1.9277406e-29   7.7624620e+10
   1.8020769e-29   7.9432730e+10
   1.6846023e-29   8.1282956e+10
   1.5747837e-29   8.3176279e+10
   1.4721220e-29   8.5113703e+10
   1.3761511e-29   8.7096256e+10
   1.2864350e-29   8.9124989e+10
   1.2025660e-29   9.1200976e+10
   1.1241634e-29   9.3325320e+10
   1.0508709e-29   9.5499146e+10
   9.8235548e-30   9.7723606e+10
   9.1830589e-30   9.9999882e+10
   8.5843121e-30   1.0232918e+11
   8.0245932e-30   1.0471273e+11
   7.5013595e-30   1.0715180e+11
   7.0122327e-30   1.0964769e+11
   6.5549906e-30   1.1220171e+11
   6.1275553e-30   1.1481523e+11
   5.7279842e-30   1.1748962e+11
   5.3544614e-30   1.2022630e+11
   5.0052896e-30   1.2302673e+11
   4.6788813e-30   1.2589239e+11
   4.3737530e-30   1.2882480e+11
   4.0885179e-30   1.3182552e+11
   3.8218793e-30   1.3489613e+11
   3.5726252e-30   1.3803826e+11
   3.3396223e-30   1.4125359e+11
   3.1218117e-30   1.4454380e+11
   2.9182027e-30   1.4791066e+11
   2.7278697e-30   1.5135594e+11
   2.5499474e-30   1.5488148e+11
   2.3836266e-30   1.5848913e+11
   2.2281512e-30   1.6218082e+11
   2.0828142e-30   1.6595849e+11
   1.9469546e-30   1.6982416e+11
   1.8199545e-30   1.7377988e+11
   1.7012366e-30   1.7782773e+11
   1.5902605e-30   1.8196987e+11
   1.4865219e-30   1.8620849e+11
   1.3895486e-30   1.9054584e+11
   1.2988997e-30   1.9498423e+11
   1.2141628e-30   1.9952599e+11
   1.1349525e-30   2.0417355e+11
   1.0609083e-30   2.0892936e+11
   9.9169349e-31   2.1379595e+11
   9.2699315e-31   2.1877590e+11
   8.6651284e-31   2.2387184e+11
   8.0997749e-31   2.2908649e+11
   7.5712970e-31   2.3442260e+11
   7.0772918e-31   2.3988300e+11
   6.6155101e-31   2.4547060e+11
   6.1838512e-31   2.5118834e+11
   5.7803505e-31   2.5703927e+11
   5.4031715e-31   2.6302648e+11
   5.0505975e-31   2.6915316e+11
   4.7210242e-31   2.7542254e+11
   4.4129516e-31   2.8183795e+11
   4.1249771e-31   2.8840280e+11
   3.8557896e-31   2.9512057e+11
   3.6041644e-31   3.0199481e+11
   3.3689558e-31   3.0902917e+11
   3.1490929e-31   3.1622738e+11
   2.9435749e-31   3.2359327e+11
   2.7514660e-31   3.3113072e+11
   2.5718916e-31   3.3884375e+11
   2.4040343e-31   3.4673643e+11
   2.2471293e-31   3.5481296e+11
   2.1004626e-31   3.6307761e+11
   1.9633663e-31   3.7153478e+11
   1.8352158e-31   3.8018893e+11
   1.7154276e-31   3.8904467e+11
   1.6034562e-31   3.9810669e+11
   1.4987917e-31   4.0737978e+11
   1.4009575e-31   4.1686888e+11
   1.3095076e-31   4.2657900e+11
   1.2240259e-31   4.3651530e+11
   1.1441229e-31   4.4668305e+11
   1.0694344e-31   4.5708763e+11
   9.9962041e-32   4.6773457e+11
   9.3436284e-32   4.7862951e+11
   8.7336433e-32   4.8977822e+11
   8.1634703e-32   5.0118662e+11
   7.6305112e-32   5.1286076e+11
   7.1323384e-32   5.2480682e+11
   6.6666816e-32   5.3703114e+11
   6.2314196e-32   5.4954020e+11
   5.8245675e-32   5.6234064e+11
   5.4442733e-32   5.7543923e+11
   5.0888020e-32   5.8884293e+11
   4.7565350e-32   6.0255885e+11
   4.4459577e-32   6.1659425e+11
   4.1556544e-32   6.3095657e+11
   3.8843021e-32   6.4565344e+11
   3.6306639e-32   6.6069264e+11
   3.3935837e-32   6.7608215e+11
   3.1719810e-32   6.9183012e+11
   2.9648454e-32   7.0794492e+11
   2.7712329e-32   7.2443507e+11
   2.5902609e-32   7.4130933e+11
   2.4211039e-32   7.5857664e+11
   2.2629910e-32   7.7624616e+11
   2.1152014e-32   7.9432726e+11
   1.9770613e-32   8.1282952e+11
   1.8479406e-32   8.3176275e+11
   1.7272507e-32   8.5113699e+11
   1.6144411e-32   8.7096252e+11
   1.5089977e-32   8.9124984e+11
   1.4104392e-32   9.1200971e+11
   1.3183165e-32   9.3325315e+11
   1.2322094e-32   9.5499141e+11
   1.1517250e-32   9.7723601e+11
   1.0764964e-32   9.9999876e+11
   1.0061805e-32   1.0232917e+12
   9.4045639e-33   1.0471273e+12
   8.7902439e-33   1.0715180e+12
   8.2160428e-33   1.0964768e+12
   7.6793415e-33   1.1220171e+12
   7.1776905e-33   1.1481522e+12
   6.7088019e-33   1.1748961e+12
   6.2705372e-33   1.2022629e+12
   5.8608958e-33   1.2302672e+12
   5.4780094e-33   1.2589239e+12
   5.1201305e-33   1.2882480e+12
   4.7856263e-33   1.3182551e+12
   4.4729705e-33   1.3489612e+12
   4.1807368e-33   1.3803825e+12
   3.9075908e-33   1.4125358e+12
   3.6522867e-33   1.4454380e+12
   3.4136591e-33   1.4791065e+12
   3.1906186e-33   1.5135594e+12
   2.9821482e-33   1.5488147e+12
   2.7872955e-33   1.5848912e+12
   2.6051715e-33   1.6218081e+12
   2.4349449e-33   1.6595848e+12
   2.2758386e-33   1.6982415e+12
   2.1271263e-33   1.7377987e+12
   1.9881294e-33   1.7782772e+12
   1.8582130e-33   1.8196986e+12
   1.7367843e-33   1.8620848e+12
   1.6232886e-33   1.9054583e+12
   1.5172081e-33   1.9498422e+12
   1.4180583e-33   1.9952598e+12
   1.3253863e-33   2.0417354e+12
   1.2387693e-33   2.0892935e+12
   1.1578116e-33   2.1379594e+12
   1.0821436e-33   2.1877589e+12
   1.0114197e-33   2.2387183e+12
   9.4531685e-34   2.2908648e+12
   8.8353333e-34   2.3442259e+12
   8.2578689e-34   2.3988299e+12
   7.7181389e-34   2.4547058e+12
   7.2136768e-34   2.5118833e+12
   6.7421796e-34   2.5703926e+12
   6.3014928e-34   2.6302647e+12
   5.8896046e-34   2.6915314e+12
   5.5046325e-34   2.7542252e+12
   5.1448183e-34   2.8183794e+12
   4.8085185e-34   2.8840279e+12
   4.4941968e-34   2.9512055e+12
   4.2004169e-34   3.0199479e+12
   3.9258366e-34   3.0902915e+12
   3.6692016e-34   3.1622737e+12
   3.4293392e-34   3.2359325e+12
   3.2051539e-34   3.3113070e+12
   2.9956208e-34   3.3884373e+12
   2.7997826e-34   3.4673641e+12
   2.6167446e-34   3.5481294e+12
   2.4456702e-34   3.6307760e+12
   2.2857777e-34   3.7153476e+12
   2.1363361e-34   3.8018892e+12
   1.9966628e-34   3.8904465e+12
   1.8661194e-34   3.9810667e+12
   1.7441091e-34   4.0737976e+12
   1.6300743e-34   4.1686886e+12
   1.5234939e-34   4.2657898e+12
   1.4238806e-34   4.3651528e+12
   1.3307790e-34   4.4668303e+12
   1.2437636e-34   4.5708761e+12
   1.1624367e-34   4.6773455e+12
   1.0864264e-34   4.7862948e+12
   1.0153852e-34   4.8977820e+12
   9.4898847e-35   5.0118660e+12
   8.8693253e-35   5.1286073e+12
   8.2893359e-35   5.2480679e+12
   7.7472660e-35   5.3703111e+12
   7.2406360e-35   5.4954017e+12
   6.7671304e-35   5.6234061e+12
   6.3245826e-35   5.7543920e+12
   5.9109705e-35   5.8884290e+12
   5.5244016e-35   6.0255882e+12
   5.1631081e-35   6.1659422e+12
   4.8254387e-35   6.3095654e+12
   4.5098478e-35   6.4565340e+12
   4.2148928e-35   6.6069260e+12
   3.9392245e-35   6.7608211e+12
   3.6815820e-35   6.9183009e+12
   3.4407870e-35   7.0794488e+12
   3.2157378e-35   7.2443503e+12
   3.0054053e-35   7.4130929e+12
   2.8088271e-35   7.5857660e+12
   2.6251042e-35   7.7624612e+12
   2.4533956e-35   7.9432722e+12
   2.2929165e-35   8.1282947e+12
   2.1429321e-35   8.3176270e+12
   2.0027565e-35   8.5113695e+12
   1.8717483e-35   8.7096247e+12
   1.7493082e-35   8.9124979e+12
   1.6348757e-35   9.1200967e+12
   1.5279274e-35   9.3325310e+12
   1.4279739e-35   9.5499136e+12
   1.3345577e-35   9.7723596e+12
   1.2472516e-35   9.9999871e+12
   1.1656556e-35   1.0232917e+13
   1.0893967e-35   1.0471272e+13
   1.0181258e-35   1.0715179e+13
   9.5151654e-36   1.0964768e+13
   8.8926420e-36   1.1220170e+13
   8.3108390e-36   1.1481521e+13
   7.7670926e-36   1.1748960e+13
   7.2589144e-36   1.2022629e+13
   6.7839778e-36   1.2302672e+13
   6.3401089e-36   1.2589238e+13
   5.9252764e-36   1.2882479e+13
   5.5375807e-36   1.3182550e+13
   5.1752473e-36   1.3489611e+13
   4.8366169e-36   1.3803825e+13
   4.5201399e-36   1.4125357e+13
   4.2243665e-36   1.4454379e+13
   3.9479434e-36   1.4791065e+13
   3.6896044e-36   1.5135593e+13
   3.4481667e-36   1.5488146e+13
   3.2225248e-36   1.5848911e+13
   3.0116457e-36   1.6218080e+13
   2.8145637e-36   1.6595848e+13
   2.6303760e-36   1.6982414e+13
   2.4582393e-36   1.7377986e+13
   2.2973654e-36   1.7782771e+13
   2.1470174e-36   1.8196985e+13
   2.0065068e-36   1.8620847e+13
   1.8751901e-36   1.9054582e+13
   1.7524656e-36   1.9498421e+13
   1.6377715e-36   1.9952597e+13
   1.5305824e-36   2.0417353e+13
   1.4304071e-36   2.0892934e+13
   1.3367870e-36   2.1379593e+13
   1.2492931e-36   2.1877588e+13
   1.1675247e-36   2.2387182e+13
   1.0911070e-36   2.2908647e+13
   1.0196901e-36   2.3442258e+13
   9.5294690e-37   2.3988298e+13
   8.9057141e-37   2.4547057e+13
   8.3227793e-37   2.5118831e+13
   7.7779939e-37   2.5703924e+13
   7.2688616e-37   2.6302646e+13
   6.7930501e-37   2.6915313e+13
   6.3483784e-37   2.7542251e+13
   5.9328089e-37   2.8183792e+13
   5.5444380e-37   2.8840277e+13
   5.1814856e-37   2.9512054e+13
   4.8422880e-37   3.0199478e+13
   4.5252914e-37   3.0902914e+13
   4.2290430e-37   3.1622735e+13
   3.9521845e-37   3.2359323e+13
   3.6934474e-37   3.3113069e+13
   3.4516456e-37   3.3884371e+13
   3.2256714e-37   3.4673639e+13
   3.0144883e-37   3.5481292e+13
   2.8171287e-37   3.6307758e+13
   2.6326878e-37   3.7153474e+13
   2.4603202e-37   3.8018890e+13
   2.2992357e-37   3.8904463e+13
   2.1486961e-37   3.9810665e+13
   2.0080109e-37   4.0737974e+13
   1.8765352e-37   4.1686883e+13
   1.7536664e-37   4.2657896e+13
   1.6388411e-37   4.3651526e+13
   1.5315328e-37   4.4668300e+13
   1.4312496e-37   4.5708759e+13
   1.3375315e-37   4.6773452e+13
   1.2499490e-37   4.7862946e+13
   1.1681004e-37   4.8977817e+13
   1.0916104e-37   5.0118657e+13
   1.0201281e-37   5.1286071e+13
   9.5332588e-38   5.2480677e+13
   8.9089736e-38   5.3703109e+13
   8.3255620e-38   5.4954015e+13
   7.7803482e-38   5.6234058e+13
   7.2708321e-38   5.7543917e+13
   6.7946771e-38   5.8884287e+13
   6.3496992e-38   6.0255879e+13
   5.9338566e-38   6.1659418e+13
   5.5452429e-38   6.3095651e+13
   5.1820751e-38   6.4565337e+13
   4.8426874e-38   6.6069257e+13
   4.5255234e-38   6.7608208e+13
   4.2291272e-38   6.9183005e+13
   3.9521401e-38   7.0794484e+13
   3.6932908e-38   7.2443500e+13
   3.4513920e-38   7.4130925e+13
   3.2253339e-38   7.5857656e+13
   3.0140795e-38   7.7624608e+13
   2.8166595e-38   7.9432718e+13
   2.6321679e-38   8.1282943e+13
   2.4597583e-38   8.3176266e+13
   2.2986398e-38   8.5113690e+13
   2.1480728e-38   8.7096243e+13
   2.0073666e-38   8.9124975e+13
   1.8758755e-38   9.1200962e+13
   1.7529961e-38   9.3325305e+13
   1.6381644e-38   9.5499131e+13
   1.5308537e-38   9.7723591e+13
   1.4305712e-38   9.9999866e+13
   1.3368567e-38   1.0232916e+14
   1.2492803e-38   1.0471271e+14
   1.1674400e-38   1.0715179e+14
   1.0909599e-38   1.0964767e+14
   1.0194893e-38   1.1220170e+14
   9.5270009e-39   1.1481521e+14
   8.9028555e-39   1.1748960e+14
   8.3195931e-39   1.2022628e+14
   7.7745356e-39   1.2302671e+14
   7.2651804e-39   1.2589237e+14
   6.7891916e-39   1.2882478e+14
   6.3443816e-39   1.3182550e+14
   5.9287088e-39   1.3489611e+14
   5.5402661e-39   1.3803824e+14
   5.1772695e-39   1.4125356e+14
   4.8380516e-39   1.4454378e+14
   4.5210555e-39   1.4791064e+14
   4.2248266e-39   1.5135592e+14
   3.9480029e-39   1.5488145e+14
   3.6893148e-39   1.5848911e+14
   3.4475740e-39   1.6218079e+14
   3.2216706e-39   1.6595847e+14
   3.0105664e-39   1.6982414e+14
   2.8132930e-39   1.7377985e+14
   2.6289452e-39   1.7782770e+14
   2.4566738e-39   1.8196984e+14
   2.2956898e-39   1.8620846e+14
   2.1452520e-39   1.9054581e+14
   2.0046724e-39   1.9498420e+14
   1.8733020e-39   1.9952596e+14
   1.7505399e-39   2.0417352e+14
   1.6358212e-39   2.0892933e+14
   1.5286190e-39   2.1379592e+14
   1.4284416e-39   2.1877587e+14
   1.3348279e-39   2.2387181e+14
   1.2473476e-39   2.2908645e+14
   1.1656001e-39   2.3442256e+14
   1.0892097e-39   2.3988297e+14
   1.0178233e-39   2.4547056e+14
   9.5111592e-40   2.5118830e+14
   8.8877916e-40   2.5703923e+14
   8.3052718e-40   2.6302644e+14
   7.7609374e-40   2.6915311e+14
   7.2522661e-40   2.7542250e+14
   6.7769176e-40   2.8183791e+14
   6.3327340e-40   2.8840276e+14
   5.9176554e-40   2.9512052e+14
   5.5297760e-40   3.0199476e+14
   5.1673161e-40   3.0902912e+14
   4.8286223e-40   3.1622733e+14
   4.5121110e-40   3.2359322e+14
   4.2163529e-40   3.3113067e+14
   3.9399608e-40   3.3884369e+14
   3.6817015e-40   3.4673638e+14
   3.4403559e-40   3.5481290e+14
   3.2148449e-40   3.6307756e+14
   3.0041036e-40   3.7153472e+14
   2.8071652e-40   3.8018888e+14
   2.6231466e-40   3.8904461e+14
   2.4511793e-40   3.9810663e+14
   2.2904924e-40   4.0737972e+14
   2.1403433e-40   4.1686881e+14
   2.0000313e-40   4.2657893e+14
   1.8689118e-40   4.3651523e+14
   1.7463822e-40   4.4668298e+14
   1.6318961e-40   4.5708756e+14
   1.5249070e-40   4.6773450e+14
   1.4249244e-40   4.7862944e+14
   1.3315138e-40   4.8977815e+14
   1.2442129e-40   5.0118654e+14
   1.1626433e-40   5.1286068e+14
   1.0864127e-40   5.2480674e+14
   1.0151847e-40   5.3703106e+14
   9.4862301e-41   5.4954012e+14
   8.8641937e-41   5.6234055e+14
   8.2830752e-41   5.7543914e+14
   7.7399319e-41   5.8884284e+14
   7.2323816e-41   6.0255876e+14
   6.7581822e-41   6.1659415e+14
   6.3150917e-41   6.3095647e+14
   5.9010080e-41   6.4565334e+14
   5.5141095e-41   6.6069254e+14
   5.1524343e-41   6.7608204e+14
   4.8145813e-41   6.9183002e+14
   4.4988687e-41   7.0794481e+14
   4.2038954e-41   7.2443496e+14
   3.9282600e-41   7.4130922e+14
   3.6705612e-41   7.5857653e+14
   3.4299583e-41   7.7624604e+14
   3.2050498e-41   7.9432714e+14
   2.9948551e-41   8.1282939e+14
   2.7983930e-41   8.3176262e+14
   2.6149631e-41   8.5113686e+14
   2.4434441e-41   8.7096238e+14
   2.2831356e-41   8.9124970e+14
   2.1334769e-41   9.1200957e+14
   1.9934872e-41   9.3325301e+14
   1.8627460e-41   9.5499126e+14
   1.7405528e-41   9.7723586e+14
   1.6264871e-41   9.9999861e+14
   1.5198483e-41   1.0232916e+15
   1.4200759e-41   1.0471271e+15
   1.3270296e-41   1.0715178e+15
   1.2398689e-41   1.0964767e+15
   1.1585936e-41   1.1220169e+15
   1.0826432e-41   1.1481520e+15
   1.0115974e-41   1.1748959e+15
   9.4531594e-42   1.2022628e+15
   8.8323842e-42   1.2302671e+15
   8.2536480e-42   1.2589237e+15
   7.7113454e-42   1.2882478e+15
   7.2054767e-42   1.3182549e+15
   6.7332391e-42   1.3489610e+15
   6.2918301e-42   1.3803823e+15
   5.8784471e-42   1.4125356e+15
   5.4930900e-42   1.4454378e+15
   5.1329563e-42   1.4791063e+15
   4.7966446e-42   1.5135591e+15
   4.4813525e-42   1.5488145e+15
   4.1870798e-42   1.5848910e+15
   3.9124253e-42   1.6218078e+15
   3.6559877e-42   1.6595846e+15
   3.4163657e-42   1.6982413e+15
   3.1921579e-42   1.7377984e+15
   2.9833644e-42   1.7782769e+15
   2.7871826e-42   1.8196983e+15
   2.6050138e-42   1.8620845e+15
   2.4340554e-42   1.9054580e+15
   2.2743074e-42   1.9498419e+15
   2.1243685e-42   1.9952595e+15
   1.9856399e-42   2.0417351e+15
   1.8553192e-42   2.0892932e+15
   1.7334062e-42   2.1379591e+15
   1.6199010e-42   2.1877585e+15
   1.5134023e-42   2.2387180e+15
   1.4139102e-42   2.2908644e+15
   1.3214245e-42   2.3442255e+15
   1.2345439e-42   2.3988295e+15
   1.1532686e-42   2.4547055e+15
   1.0775985e-42   2.5118829e+15
   1.0075336e-42   2.5703922e+15
   9.4167257e-43   2.6302643e+15
   8.8001544e-43   2.6915310e+15
   8.2116090e-43   2.7542248e+15
   7.6791156e-43   2.8183789e+15
   7.1746481e-43   2.8840274e+15
   6.6982067e-43   2.9512051e+15
   6.2638041e-43   3.0199474e+15
   5.8574276e-43   3.0902911e+15
   5.4650640e-43   3.1622732e+15
   5.1147394e-43   3.2359320e+15
   4.7784278e-43   3.3113065e+15
   4.4561291e-43   3.3884368e+15
   4.1618564e-43   3.4673636e+15
   3.8956097e-43   3.5481289e+15
   3.6433760e-43   3.6307754e+15
   3.4051553e-43   3.7153470e+15
   3.1809475e-43   3.8018886e+15
   2.9707527e-43   3.8904459e+15
   2.7745710e-43   3.9810661e+15
   2.5924022e-43   4.0737970e+15
   2.4242463e-43   4.1686879e+15
   2.2560905e-43   4.2657891e+15
   2.1159607e-43   4.3651521e+15
   1.9758308e-43   4.4668296e+15
   1.8497140e-43   4.5708754e+15
   1.7235971e-43   4.6773448e+15
   1.6114932e-43   4.7862941e+15
   1.4993894e-43   4.8977812e+15
   1.4012985e-43   5.0118652e+15
   1.3172206e-43   5.1286065e+15
   1.2331426e-43   5.2480671e+15
   1.1490647e-43   5.3703103e+15
   1.0789998e-43   5.4954009e+15
   9.9492191e-44   5.6234052e+15
   9.3886997e-44   5.7543912e+15
   8.6880505e-44   5.8884281e+15
   8.1275311e-44   6.0255872e+15
   7.5670117e-44   6.1659412e+15
   7.1466222e-44   6.3095644e+15
   6.7262326e-44   6.4565330e+15
   6.1657132e-44   6.6069250e+15
   5.8854536e-44   6.7608201e+15
   5.4650640e-44   6.9182998e+15
   5.0446745e-44   7.0794477e+15
   4.7644148e-44   7.2443492e+15
   4.4841551e-44   7.4130918e+15
   4.2038954e-44   7.5857649e+15
   3.9236357e-44   7.7624600e+15
   3.6433760e-44   7.9432709e+15
   3.3631163e-44   8.1282935e+15
   3.2229865e-44   8.3176258e+15
   2.9427268e-44   8.5113681e+15
   2.8025969e-44   8.7096234e+15
   2.5223372e-44   8.9124966e+15
   2.3822074e-44   9.1200953e+15
   2.2420775e-44   9.3325296e+15
   2.1019477e-44   9.5499121e+15
   1.9618179e-44   9.7723581e+15
   1.8216880e-44   9.9999856e+15
   1.6815582e-44   1.0232915e+16
   1.5414283e-44   1.0471270e+16
   1.5414283e-44   1.0715178e+16
   1.4012985e-44   1.0964766e+16
   1.2611686e-44   1.1220168e+16
   1.2611686e-44   1.1481520e+16
   1.1210388e-44   1.1748959e+16
   1.1210388e-44   1.2022627e+16
   9.8090893e-45   1.2302670e+16
   9.8090893e-45   1.2589236e+16
   8.4077908e-45   1.2882477e+16
   8.4077908e-45   1.3182548e+16
   7.0064923e-45   1.3489609e+16
   7.0064923e-45   1.3803823e+16
   7.0064923e-45   1.4125355e+16
   5.6051939e-45   1.4454377e+16
   5.6051939e-45   1.4791062e+16
   5.6051939e-45   1.5135591e+16
   5.6051939e-45   1.5488144e+16
   4.2038954e-45   1.5848909e+16
   4.2038954e-45   1.6218077e+16
   4.2038954e-45   1.6595845e+16
   4.2038954e-45   1.6982412e+16
   4.2038954e-45   1.7377983e+16
   2.8025969e-45   1.7782768e+16
   2.8025969e-45   1.8196982e+16
   2.8025969e-45   1.8620844e+16
   2.8025969e-45   1.9054579e+16
   2.8025969e-45   1.9498418e+16
   2.8025969e-45   1.9952594e+16
   2.8025969e-45   2.0417350e+16
   1.4012985e-45   2.0892931e+16
   1.4012985e-45   2.1379590e+16
   1.4012985e-45   2.1877584e+16
   1.4012985e-45   2.2387179e+16
   1.4012985e-45   2.2908643e+16
   1.4012985e-45   2.3442254e+16
   1.4012985e-45   2.3988294e+16
   1.4012985e-45   2.4547053e+16
   1.4012985e-45   2.5118828e+16
   1.4012985e-45   2.5703920e+16
   1.4012985e-45   2.6302641e+16
   1.4012985e-45   2.6915309e+16
   1.4012985e-45   2.7542247e+16
   1.4012985e-45   2.8183788e+16
   1.4012985e-45   2.8840273e+16
   1.4012985e-45   2.9512049e+16
   1.4012985e-45   3.0199473e+16
       0.0000000   3.0902909e+16
       0.0000000   3.1622730e+16
       0.0000000   3.2359318e+16
       0.0000000   3.3113064e+16
       0.0000000   3.3884366e+16
       0.0000000   3.4673634e+16
       0.0000000   3.5481287e+16
       0.0000000   3.6307752e+16
       0.0000000   3.7153468e+16
       0.0000000   3.8018884e+16
       0.0000000   3.8904457e+16
       0.0000000   3.9810658e+16
       0.0000000   4.0737968e+16
       0.0000000   4.1686877e+16
       0.0000000   4.2657889e+16
       0.0000000   4.3651519e+16
       0.0000000   4.4668293e+16
       0.0000000   4.5708752e+16
       0.0000000   4.6773445e+16
       0.0000000   4.7862939e+16
       0.0000000   4.8977810e+16
       0.0000000   5.0118649e+16
       0.0000000   5.1286063e+16
       0.0000000   5.2480668e+16
       0.0000000   5.3703100e+16
       0.0000000   5.4954006e+16
       0.0000000   5.6234049e+16
       0.0000000   5.7543909e+16
       0.0000000   5.8884278e+16
       0.0000000   6.0255869e+16
       0.0000000   6.1659409e+16
       0.0000000   6.3095641e+16
       0.0000000   6.4565327e+16
       0.0000000   6.6069247e+16
       0.0000000   6.7608197e+16
       0.0000000   6.9182994e+16
       0.0000000   7.0794473e+16
       0.0000000   7.2443488e+16
       0.0000000   7.4130914e+16
       0.0000000   7.5857645e+16
       0.0000000   7.7624596e+16
       0.0000000   7.9432705e+16
       0.0000000   8.1282931e+16
       0.0000000   8.3176253e+16
       0.0000000   8.5113677e+16
       0.0000000   8.7096229e+16
       0.0000000   8.9124961e+16
       0.0000000   9.1200948e+16
       0.0000000   9.3325291e+16
       0.0000000   9.5499116e+16
       0.0000000   9.7723576e+16
       0.0000000   9.9999851e+16
       0.0000000   1.0232915e+17
       0.0000000   1.0471270e+17
       0.0000000   1.0715177e+17
       0.0000000   1.0964766e+17
       0.0000000   1.1220168e+17
       0.0000000   1.1481519e+17
       0.0000000   1.1748958e+17
       0.0000000   1.2022626e+17
       0.0000000   1.2302669e+17
       0.0000000   1.2589235e+17
       0.0000000   1.2882476e+17
       0.0000000   1.3182548e+17
       0.0000000   1.3489609e+17
       0.0000000   1.3803822e+17
       0.0000000   1.4125354e+17
       0.0000000   1.4454376e+17
       0.0000000   1.4791062e+17
       0.0000000   1.5135590e+17
       0.0000000   1.5488143e+17
       0.0000000   1.5848908e+17
       0.0000000   1.6218077e+17
       0.0000000   1.6595844e+17
       0.0000000   1.6982411e+17
       0.0000000   1.7377982e+17
       0.0000000   1.7782767e+17
       0.0000000   1.8196981e+17
       0.0000000   1.8620843e+17
       0.0000000   1.9054578e+17
       0.0000000   1.9498417e+17
       0.0000000   1.9952593e+17
       0.0000000   2.0417349e+17
       0.0000000   2.0892930e+17
       0.0000000   2.1379589e+17
       0.0000000   2.1877583e+17
       0.0000000   2.2387178e+17
       0.0000000   2.2908642e+17
       0.0000000   2.3442253e+17
       0.0000000   2.3988293e+17
       0.0000000   2.4547052e+17
       0.0000000   2.5118826e+17
       0.0000000   2.5703919e+17
       0.0000000   2.6302640e+17
       0.0000000   2.6915307e+17
       0.0000000   2.7542245e+17
       0.0000000   2.8183787e+17
       0.0000000   2.8840271e+17
       0.0000000   2.9512048e+17
       0.0000000   3.0199471e+17
       0.0000000   3.0902907e+17
       0.0000000   3.1622729e+17
       0.0000000   3.2359317e+17
       0.0000000   3.3113062e+17
       0.0000000   3.3884364e+17
       0.0000000   3.4673632e+17
       0.0000000   3.5481285e+17
       0.0000000   3.6307750e+17
       0.0000000   3.7153466e+17
       0.0000000   3.8018882e+17
       0.0000000   3.8904455e+17
       0.0000000   3.9810656e+17
       0.0000000   4.0737966e+17
       0.0000000   4.1686875e+17
       0.0000000   4.2657887e+17
       0.0000000   4.3651517e+17
       0.0000000   4.4668291e+17
       0.0000000   4.5708749e+17
       0.0000000   4.6773443e+17
       0.0000000   4.7862936e+17
       0.0000000   4.8977807e+17
       0.0000000   5.0118647e+17
       0.0000000   5.1286060e+17
       0.0000000   5.2480666e+17
       0.0000000   5.3703097e+17
       0.0000000   5.4954003e+17
       0.0000000   5.6234046e+17
       0.0000000   5.7543906e+17
       0.0000000   5.8884275e+17
       0.0000000   6.0255866e+17
       0.0000000   6.1659406e+17
       0.0000000   6.3095638e+17
       0.0000000   6.4565324e+17
       0.0000000   6.6069243e+17
       0.0000000   6.7608194e+17
       0.0000000   6.9182991e+17
       0.0000000   7.0794470e+17
       0.0000000   7.2443485e+17
       0.0000000   7.4130910e+17
       0.0000000   7.5857641e+17
       0.0000000   7.7624592e+17
       0.0000000   7.9432701e+17
       0.0000000   8.1282926e+17
       0.0000000   8.3176249e+17
       0.0000000   8.5113673e+17
       0.0000000   8.7096225e+17
       0.0000000   8.9124956e+17
       0.0000000   9.1200943e+17
       0.0000000   9.3325286e+17
       0.0000000   9.5499111e+17
       0.0000000   9.7723571e+17
       0.0000000   9.9999846e+17
