    0.0420000
     0.238000
     0.730000
     0.950000
     0.750000
   1.8728175e-05   1.0000000e-12
   1.9142759e-05   1.0232930e-12
   1.9565921e-05   1.0471285e-12
   1.9998624e-05   1.0715193e-12
   2.0440590e-05   1.0964782e-12
   2.0892767e-05   1.1220185e-12
   2.1354866e-05   1.1481536e-12
   2.1827207e-05   1.1748976e-12
   2.2310098e-05   1.2022644e-12
   2.2803231e-05   1.2302688e-12
   2.3307517e-05   1.2589254e-12
   2.3823242e-05   1.2882495e-12
   2.4350078e-05   1.3182567e-12
   2.4888297e-05   1.3489629e-12
   2.5438774e-05   1.3803843e-12
   2.6001760e-05   1.4125375e-12
   2.6576296e-05   1.4454398e-12
   2.7164435e-05   1.4791084e-12
   2.7765198e-05   1.5135612e-12
   2.8378807e-05   1.5488166e-12
   2.9006682e-05   1.5848932e-12
   2.9648421e-05   1.6218101e-12
   3.0303616e-05   1.6595869e-12
   3.0974257e-05   1.6982436e-12
   3.1659314e-05   1.7378008e-12
   3.2358952e-05   1.7782794e-12
   3.3075125e-05   1.8197008e-12
   3.3806173e-05   1.8620871e-12
   3.4554025e-05   1.9054607e-12
   3.5318208e-05   1.9498446e-12
   3.6099424e-05   1.9952623e-12
   3.6897774e-05   2.0417379e-12
   3.7713344e-05   2.0892961e-12
   3.8547398e-05   2.1379621e-12
   3.9399998e-05   2.1877616e-12
   4.0271789e-05   2.2387211e-12
   4.1162210e-05   2.2908676e-12
   4.2072475e-05   2.3442288e-12
   4.3003187e-05   2.3988329e-12
   4.3953747e-05   2.4547089e-12
   4.4925913e-05   2.5118864e-12
   4.5919656e-05   2.5703957e-12
   4.6934929e-05   2.6302679e-12
   4.7973437e-05   2.6915347e-12
   4.9033926e-05   2.7542286e-12
   5.0118662e-05   2.8183829e-12
   5.1226947e-05   2.8840314e-12
   5.2359836e-05   2.9512092e-12
   5.3517768e-05   3.0199516e-12
   5.4701177e-05   3.0902954e-12
   5.5911063e-05   3.1622776e-12
   5.7147809e-05   3.2359365e-12
   5.8411217e-05   3.3113111e-12
   5.9703387e-05   3.3884415e-12
   6.1023493e-05   3.4673684e-12
   6.2373016e-05   3.5481338e-12
   6.3752828e-05   3.6307804e-12
   6.5162625e-05   3.7153522e-12
   6.6603832e-05   3.8018938e-12
   6.8076683e-05   3.8904513e-12
   6.9581954e-05   3.9810716e-12
   7.1121009e-05   4.0738027e-12
   7.2694005e-05   4.1686937e-12
   7.4301664e-05   4.2657950e-12
   7.5944685e-05   4.3651582e-12
   7.7624318e-05   4.4668358e-12
   7.9341196e-05   4.5708817e-12
   8.1095961e-05   4.6773513e-12
   8.2889186e-05   4.7863008e-12
   8.4722597e-05   4.8977880e-12
   8.6596163e-05   5.0118722e-12
   8.8510962e-05   5.1286137e-12
   9.0468617e-05   5.2480744e-12
   9.2469585e-05   5.3703178e-12
   9.4514297e-05   5.4954085e-12
   9.6604846e-05   5.6234130e-12
   9.8741024e-05   5.7543991e-12
   0.00010092487   5.8884363e-12
   0.00010315669   6.0255956e-12
   0.00010543844   6.1659498e-12
   0.00010777036   6.3095732e-12
   0.00011015377   6.4565420e-12
   0.00011258940   6.6069342e-12
   0.00011507964   6.7608295e-12
   0.00011762456   6.9183094e-12
   0.00012022593   7.0794575e-12
   0.00012288487   7.2443593e-12
   0.00012560248   7.4131021e-12
   0.00012838039   7.5857754e-12
   0.00013121960   7.7624708e-12
   0.00013412166   7.9432820e-12
   0.00013708748   8.1283048e-12
   0.00014011964   8.3176373e-12
   0.00014321839   8.5113800e-12
   0.00014638569   8.7096355e-12
   0.00014962279   8.9125089e-12
   0.00015293210   9.1201079e-12
   0.00015631423   9.3325425e-12
   0.00015977092   9.5499254e-12
   0.00016330436   9.7723717e-12
   0.00016691614   9.9999995e-12
   0.00017060783   1.0232929e-11
   0.00017438091   1.0471285e-11
   0.00017823737   1.0715192e-11
   0.00018217915   1.0964781e-11
   0.00018620808   1.1220184e-11
   0.00019032600   1.1481536e-11
   0.00019453518   1.1748975e-11
   0.00019883733   1.2022644e-11
   0.00020323510   1.2302687e-11
   0.00020772956   1.2589253e-11
   0.00021232379   1.2882495e-11
   0.00021701922   1.3182567e-11
   0.00022181882   1.3489628e-11
   0.00022672440   1.3803842e-11
   0.00023173878   1.4125375e-11
   0.00023686365   1.4454397e-11
   0.00024210221   1.4791083e-11
   0.00024745599   1.5135612e-11
   0.00025292908   1.5488165e-11
   0.00025852234   1.5848931e-11
   0.00026423970   1.6218100e-11
   0.00027008343   1.6595868e-11
   0.00027605676   1.6982435e-11
   0.00028216181   1.7378007e-11
   0.00028840214   1.7782793e-11
   0.00029478021   1.8197007e-11
   0.00030129944   1.8620870e-11
   0.00030796308   1.9054606e-11
   0.00031477388   1.9498445e-11
   0.00032173487   1.9952622e-11
   0.00032885018   2.0417378e-11
   0.00033612319   2.0892960e-11
   0.00034355672   2.1379619e-11
   0.00035115445   2.1877615e-11
   0.00035892060   2.2387210e-11
   0.00036685806   2.2908675e-11
   0.00037497134   2.3442287e-11
   0.00038326421   2.3988327e-11
   0.00039174029   2.4547087e-11
   0.00040040369   2.5118863e-11
   0.00040925885   2.5703956e-11
   0.00041831011   2.6302678e-11
   0.00042756108   2.6915346e-11
   0.00043701692   2.7542285e-11
   0.00044668201   2.8183827e-11
   0.00045656067   2.8840313e-11
   0.00046665751   2.9512090e-11
   0.00047697814   3.0199515e-11
   0.00048752633   3.0902952e-11
   0.00049830839   3.1622774e-11
   0.00050932885   3.2359363e-11
   0.00052059314   3.3113110e-11
   0.00053210597   3.3884413e-11
   0.00054387399   3.4673682e-11
   0.00055590214   3.5481336e-11
   0.00056819612   3.6307803e-11
   0.00058076205   3.7153520e-11
   0.00059360627   3.8018937e-11
   0.00060673407   3.8904511e-11
   0.00062015245   3.9810714e-11
   0.00063386722   4.0738024e-11
   0.00064788549   4.1686935e-11
   0.00066221377   4.2657948e-11
   0.00067685929   4.3651580e-11
   0.00069182849   4.4668355e-11
   0.00070712820   4.5708815e-11
   0.00072276697   4.6773510e-11
   0.00073875120   4.7863005e-11
   0.00075508945   4.8977878e-11
   0.00077178865   5.0118719e-11
   0.00078885682   5.1286134e-11
   0.00080630294   5.2480741e-11
   0.00082413509   5.3703175e-11
   0.00084236107   5.4954082e-11
   0.00086099061   5.6234127e-11
   0.00088003185   5.7543989e-11
   0.00089949393   5.8884360e-11
   0.00091938704   6.0255953e-11
   0.00093971967   6.1659495e-11
   0.00096050184   6.3095729e-11
   0.00098174403   6.4565417e-11
    0.0010034561   6.6069339e-11
    0.0010256479   6.7608291e-11
    0.0010483306   6.9183091e-11
    0.0010715153   7.0794572e-11
    0.0010952121   7.2443589e-11
    0.0011194333   7.4131017e-11
    0.0011441904   7.5857750e-11
    0.0011694949   7.7624704e-11
    0.0011953590   7.9432816e-11
    0.0012217950   8.1283044e-11
    0.0012488156   8.3176369e-11
    0.0012764338   8.5113795e-11
    0.0013046628   8.7096350e-11
    0.0013335161   8.9125085e-11
    0.0013630078   9.1201075e-11
    0.0013931511   9.3325421e-11
    0.0014239618   9.5499249e-11
    0.0014554536   9.7723712e-11
    0.0014876417   9.9999990e-11
    0.0015205415   1.0232929e-10
    0.0015541691   1.0471284e-10
    0.0015885404   1.0715192e-10
    0.0016236720   1.0964781e-10
    0.0016595804   1.1220183e-10
    0.0016962828   1.1481535e-10
    0.0017337971   1.1748974e-10
    0.0017721410   1.2022643e-10
    0.0018113329   1.2302686e-10
    0.0018513917   1.2589253e-10
    0.0018923359   1.2882494e-10
    0.0019341863   1.3182566e-10
    0.0019769617   1.3489627e-10
    0.0020206834   1.3803841e-10
    0.0020653722   1.4125374e-10
    0.0021110491   1.4454396e-10
    0.0021577359   1.4791082e-10
    0.0022054552   1.5135611e-10
    0.0022542304   1.5488164e-10
    0.0023040837   1.5848930e-10
    0.0023550403   1.6218099e-10
    0.0024071229   1.6595867e-10
    0.0024603580   1.6982435e-10
    0.0025147703   1.7378006e-10
    0.0025703856   1.7782792e-10
    0.0026272312   1.8197006e-10
    0.0026853336   1.8620869e-10
    0.0027447217   1.9054605e-10
    0.0028054223   1.9498444e-10
    0.0028674661   1.9952621e-10
    0.0029308819   2.0417377e-10
    0.0029956999   2.0892959e-10
    0.0030619511   2.1379618e-10
    0.0031296681   2.1877614e-10
    0.0031988823   2.2387209e-10
    0.0032696275   2.2908674e-10
    0.0033419372   2.3442285e-10
    0.0034158458   2.3988326e-10
    0.0034913891   2.4547086e-10
    0.0035686032   2.5118861e-10
    0.0036475249   2.5703955e-10
    0.0037281918   2.6302677e-10
    0.0038106432   2.6915345e-10
    0.0038949174   2.7542284e-10
    0.0039810557   2.8183826e-10
    0.0040690992   2.8840311e-10
    0.0041590896   2.9512089e-10
    0.0042510703   3.0199513e-10
    0.0043450850   3.0902950e-10
    0.0044411789   3.1622773e-10
    0.0045393980   3.2359362e-10
    0.0046397895   3.3113108e-10
    0.0047424012   3.3884411e-10
    0.0048472821   3.4673681e-10
    0.0049544824   3.5481334e-10
    0.0050640535   3.6307801e-10
    0.0051760478   3.7153518e-10
    0.0052905190   3.8018935e-10
    0.0054075220   3.8904509e-10
    0.0055271122   3.9810712e-10
    0.0056493469   4.0738022e-10
    0.0057742856   4.1686933e-10
    0.0059019872   4.2657946e-10
    0.0060325130   4.3651577e-10
    0.0061659254   4.4668353e-10
    0.0063022883   4.5708813e-10
    0.0064416667   4.6773508e-10
    0.0065841279   4.7863003e-10
    0.0067297397   4.8977875e-10
    0.0068785716   5.0118716e-10
    0.0070306952   5.1286131e-10
    0.0071861828   5.2480739e-10
    0.0073451092   5.3703172e-10
    0.0075075505   5.4954080e-10
    0.0076735839   5.6234125e-10
    0.0078432895   5.7543986e-10
    0.0080167484   5.8884357e-10
    0.0081940433   6.0255950e-10
    0.0083752591   6.1659491e-10
    0.0085604824   6.3095725e-10
    0.0087498026   6.4565414e-10
    0.0089433091   6.6069335e-10
    0.0091410959   6.7608288e-10
    0.0093432562   6.9183087e-10
    0.0095498879   7.0794568e-10
    0.0097610885   7.2443585e-10
    0.0099769607   7.4131013e-10
     0.010197607   7.5857746e-10
     0.010423132   7.7624700e-10
     0.010653646   7.9432812e-10
     0.010889257   8.1283039e-10
     0.011130080   8.3176365e-10
     0.011376227   8.5113791e-10
     0.011627818   8.7096346e-10
     0.011884974   8.9125080e-10
     0.012147817   9.1201070e-10
     0.012416473   9.3325416e-10
     0.012691070   9.5499244e-10
     0.012971740   9.7723707e-10
     0.013258617   9.9999985e-10
     0.013551840   1.0232928e-09
     0.013851546   1.0471284e-09
     0.014157881   1.0715191e-09
     0.014470990   1.0964780e-09
     0.014791024   1.1220183e-09
     0.015118136   1.1481534e-09
     0.015452482   1.1748974e-09
     0.015794221   1.2022642e-09
     0.016143521   1.2302686e-09
     0.016500544   1.2589252e-09
     0.016865462   1.2882493e-09
     0.017238451   1.3182565e-09
     0.017619690   1.3489627e-09
     0.018009359   1.3803840e-09
     0.018407645   1.4125373e-09
     0.018814741   1.4454395e-09
     0.019230839   1.4791081e-09
     0.019656140   1.5135610e-09
     0.020090846   1.5488164e-09
     0.020535167   1.5848929e-09
     0.020989314   1.6218098e-09
     0.021453504   1.6595866e-09
     0.021927960   1.6982434e-09
     0.022412909   1.7378005e-09
     0.022908583   1.7782791e-09
     0.023415219   1.8197006e-09
     0.023933060   1.8620868e-09
     0.024462353   1.9054604e-09
     0.025003351   1.9498443e-09
     0.025556315   1.9952620e-09
     0.026121506   2.0417376e-09
     0.026699198   2.0892958e-09
     0.027289666   2.1379617e-09
     0.027893193   2.1877612e-09
     0.028510066   2.2387208e-09
     0.029140582   2.2908673e-09
     0.029785043   2.3442284e-09
     0.030443754   2.3988325e-09
     0.031117035   2.4547085e-09
     0.031805206   2.5118860e-09
     0.032508597   2.5703953e-09
     0.033227541   2.6302675e-09
     0.033962388   2.6915343e-09
     0.034713484   2.7542282e-09
     0.035481192   2.8183824e-09
     0.036265880   2.8840310e-09
     0.037067920   2.9512087e-09
     0.037887696   3.0199512e-09
     0.038725603   3.0902949e-09
     0.039582044   3.1622771e-09
     0.040457424   3.2359360e-09
     0.041352160   3.3113106e-09
     0.042266686   3.3884409e-09
     0.043201439   3.4673679e-09
     0.044156861   3.5481332e-09
     0.045133416   3.6307799e-09
     0.046131566   3.7153516e-09
     0.047151793   3.8018933e-09
     0.048194580   3.8904507e-09
     0.049260430   3.9810710e-09
     0.050349850   4.0738020e-09
     0.051463366   4.1686931e-09
     0.052601509   4.2657944e-09
     0.053764820   4.3651575e-09
     0.054953858   4.4668351e-09
     0.056169193   4.5708810e-09
     0.057411406   4.6773505e-09
     0.058681093   4.7863000e-09
     0.059978858   4.8977873e-09
     0.061305322   5.0118714e-09
     0.062661126   5.1286129e-09
     0.064046912   5.2480736e-09
     0.065463342   5.3703169e-09
     0.066911101   5.4954077e-09
     0.068390876   5.6234122e-09
     0.069903381   5.7543983e-09
     0.071449332   5.8884354e-09
     0.073029473   6.0255947e-09
     0.074644558   6.1659488e-09
     0.076295368   6.3095722e-09
     0.077982679   6.4565410e-09
     0.079707310   6.6069332e-09
     0.081470080   6.7608284e-09
     0.083271839   6.9183083e-09
     0.085113443   7.0794564e-09
     0.086995773   7.2443582e-09
     0.088919736   7.4131009e-09
     0.090886243   7.5857742e-09
     0.092896245   7.7624696e-09
     0.094950691   7.9432808e-09
     0.097050585   8.1283035e-09
     0.099196911   8.3176360e-09
      0.10139070   8.5113787e-09
      0.10363302   8.7096341e-09
      0.10592492   8.9125076e-09
      0.10826751   9.1201065e-09
      0.11066190   9.3325411e-09
      0.11310925   9.5499239e-09
      0.11561073   9.7723702e-09
      0.11816752   9.9999979e-09
      0.12078086   1.0232928e-08
      0.12345199   1.0471283e-08
      0.12618220   1.0715191e-08
      0.12897280   1.0964780e-08
      0.13182510   1.1220182e-08
      0.13474049   1.1481534e-08
      0.13772035   1.1748973e-08
      0.14076610   1.2022642e-08
      0.14387922   1.2302685e-08
      0.14706120   1.2589251e-08
      0.15031353   1.2882493e-08
      0.15363780   1.3182565e-08
      0.15703559   1.3489626e-08
      0.16050851   1.3803840e-08
      0.16405825   1.4125372e-08
      0.16768649   1.4454395e-08
      0.17139496   1.4791081e-08
      0.17518546   1.5135609e-08
      0.17905979   1.5488163e-08
      0.18301979   1.5848928e-08
      0.18706737   1.6218097e-08
      0.19120447   1.6595865e-08
      0.19543307   1.6982433e-08
      0.19975518   1.7378004e-08
      0.20417286   1.7782790e-08
      0.20868826   1.8197005e-08
      0.21330352   1.8620867e-08
      0.21802084   1.9054603e-08
      0.22284250   1.9498442e-08
      0.22777078   1.9952619e-08
      0.23280805   2.0417375e-08
      0.23795673   2.0892957e-08
      0.24321927   2.1379616e-08
      0.24859820   2.1877611e-08
      0.25409609   2.2387206e-08
      0.25971556   2.2908671e-08
      0.26545930   2.3442283e-08
      0.27133009   2.3988324e-08
      0.27733070   2.4547084e-08
      0.28346401   2.5118859e-08
      0.28973299   2.5703952e-08
      0.29614058   2.6302674e-08
      0.30268988   2.6915342e-08
      0.30938405   2.7542281e-08
      0.31622624   2.8183823e-08
      0.32321975   2.8840308e-08
      0.33036795   2.9512085e-08
      0.33767420   3.0199510e-08
      0.34514207   3.0902947e-08
      0.35277507   3.1622769e-08
      0.36057687   3.2359358e-08
      0.36855122   3.3113104e-08
      0.37670192   3.3884408e-08
      0.38503289   3.4673677e-08
      0.39354810   3.5481331e-08
      0.40225163   3.6307797e-08
      0.41114765   3.7153514e-08
      0.42024040   3.8018931e-08
      0.42953423   3.8904505e-08
      0.43903363   3.9810708e-08
      0.44874308   4.0738018e-08
      0.45866728   4.1686928e-08
      0.46881095   4.2657942e-08
      0.47917897   4.3651573e-08
      0.48977625   4.4668349e-08
      0.50060791   4.5708808e-08
      0.51167911   4.6773503e-08
      0.52299517   4.7862998e-08
      0.53456151   4.8977870e-08
      0.54638362   5.0118711e-08
      0.55846715   5.1286126e-08
      0.57081795   5.2480733e-08
      0.58344191   5.3703167e-08
      0.59634507   5.4954074e-08
      0.60953355   5.6234119e-08
      0.62301368   5.7543980e-08
      0.63679194   5.8884351e-08
      0.65087497   6.0255944e-08
      0.66526937   6.1659485e-08
      0.67998219   6.3095719e-08
      0.69502032   6.4565407e-08
      0.71039104   6.6069328e-08
      0.72610176   6.7608281e-08
      0.74215984   6.9183080e-08
      0.75857311   7.0794561e-08
      0.77534932   7.2443578e-08
      0.79249656   7.4131006e-08
      0.81002307   7.5857738e-08
      0.82793713   7.7624692e-08
      0.84624738   7.9432803e-08
      0.86496258   8.1283031e-08
      0.88409168   8.3176356e-08
      0.90364385   8.5113782e-08
      0.92362839   8.7096337e-08
      0.94405490   8.9125071e-08
      0.96493310   9.1201061e-08
      0.98627311   9.3325406e-08
       1.0080850   9.5499234e-08
       1.0303793   9.7723697e-08
       1.0531667   9.9999974e-08
       1.0764580   1.0232927e-07
       1.1002644   1.0471283e-07
       1.1245973   1.0715190e-07
       1.1494683   1.0964779e-07
       1.1748894   1.1220182e-07
       1.2008727   1.1481533e-07
       1.2274306   1.1748972e-07
       1.2545757   1.2022641e-07
       1.2823213   1.2302684e-07
       1.3106805   1.2589251e-07
       1.3396668   1.2882492e-07
       1.3692942   1.3182564e-07
       1.3995768   1.3489625e-07
       1.4305291   1.3803839e-07
       1.4621660   1.4125372e-07
       1.4945024   1.4454394e-07
       1.5275542   1.4791080e-07
       1.5613366   1.5135608e-07
       1.5958663   1.5488162e-07
       1.6311597   1.5848928e-07
       1.6672336   1.6218097e-07
       1.7041053   1.6595865e-07
       1.7417923   1.6982432e-07
       1.7803128   1.7378004e-07
       1.8196852   1.7782789e-07
       1.8599285   1.8197004e-07
       1.9010615   1.8620866e-07
       1.9431044   1.9054602e-07
       1.9860771   1.9498441e-07
       2.0300000   1.9952618e-07
       2.0748944   2.0417374e-07
       2.1207817   2.0892956e-07
       2.1676836   2.1379615e-07
       2.2156229   2.1877610e-07
       2.2646222   2.2387205e-07
       2.3147054   2.2908670e-07
       2.3658960   2.3442282e-07
       2.4182189   2.3988323e-07
       2.4716988   2.4547082e-07
       2.5263615   2.5118857e-07
       2.5822330   2.5703951e-07
       2.6393402   2.6302673e-07
       2.6977103   2.6915341e-07
       2.7573712   2.7542279e-07
       2.8183515   2.8183821e-07
       2.8806806   2.8840307e-07
       2.9443879   2.9512084e-07
       3.0095041   3.0199509e-07
       3.0760605   3.0902946e-07
       3.1440887   3.1622768e-07
       3.2136214   3.2359357e-07
       3.2846918   3.3113103e-07
       3.3573339   3.3884406e-07
       3.4315827   3.4673675e-07
       3.5074732   3.5481329e-07
       3.5850422   3.6307795e-07
       3.6643267   3.7153512e-07
       3.7453647   3.8018929e-07
       3.8281946   3.8904503e-07
       3.9128563   3.9810706e-07
       3.9993904   4.0738016e-07
       4.0878382   4.1686926e-07
       4.1782422   4.2657940e-07
       4.2706451   4.3651571e-07
       4.3650918   4.4668346e-07
       4.4616270   4.5708806e-07
       4.5602975   4.6773500e-07
       4.6611495   4.7862995e-07
       4.7642322   4.8977868e-07
       4.8695946   5.0118709e-07
       4.9772868   5.1286123e-07
       5.0873609   5.2480731e-07
       5.1998692   5.3703164e-07
       5.3148656   5.4954071e-07
       5.4324050   5.6234116e-07
       5.5525436   5.7543977e-07
       5.6753397   5.8884348e-07
       5.8008509   6.0255941e-07
       5.9291382   6.1659482e-07
       6.0602622   6.3095716e-07
       6.1942859   6.4565404e-07
       6.3312736   6.6069325e-07
       6.4712906   6.7608277e-07
       6.6144047   6.9183076e-07
       6.7606831   7.0794557e-07
       6.9101963   7.2443574e-07
       7.0630164   7.4131002e-07
       7.2192159   7.5857735e-07
       7.3788695   7.7624688e-07
       7.5420542   7.9432799e-07
       7.7088475   8.1283027e-07
       7.8793292   8.3176352e-07
       8.0535812   8.5113778e-07
       8.2316866   8.7096332e-07
       8.4137306   8.9125067e-07
       8.5998011   9.1201056e-07
       8.7899857   9.3325401e-07
       8.9843760   9.5499229e-07
       9.1830654   9.7723692e-07
       9.3861485   9.9999969e-07
       9.5937233   1.0232927e-06
       9.8058882   1.0471282e-06
       10.022745   1.0715190e-06
       10.244397   1.0964779e-06
       10.470951   1.1220181e-06
       10.702515   1.1481533e-06
       10.939200   1.1748972e-06
       11.181119   1.2022641e-06
       11.428388   1.2302684e-06
       11.681125   1.2589250e-06
       11.939450   1.2882491e-06
       12.203489   1.3182563e-06
       12.473367   1.3489625e-06
       12.749212   1.3803838e-06
       13.031158   1.4125371e-06
       13.319339   1.4454393e-06
       13.613892   1.4791079e-06
       13.914959   1.5135608e-06
       14.222684   1.5488161e-06
       14.537213   1.5848927e-06
       14.858698   1.6218096e-06
       15.187292   1.6595864e-06
       15.523153   1.6982431e-06
       15.866441   1.7378003e-06
       16.217319   1.7782788e-06
       16.575958   1.8197003e-06
       16.942528   1.8620865e-06
       17.317202   1.9054601e-06
       17.700163   1.9498440e-06
       18.091591   1.9952617e-06
       18.491674   2.0417373e-06
       18.900606   2.0892955e-06
       19.318581   2.1379614e-06
       19.745798   2.1877609e-06
       20.182463   2.2387204e-06
       20.628782   2.2908669e-06
       21.084970   2.3442280e-06
       21.551249   2.3988321e-06
       22.027836   2.4547081e-06
       22.514961   2.5118856e-06
       23.012859   2.5703949e-06
       23.521767   2.6302671e-06
       24.041927   2.6915339e-06
       24.573589   2.7542278e-06
       25.117008   2.8183820e-06
       25.672443   2.8840305e-06
       26.240162   2.9512082e-06
       26.820431   3.0199507e-06
       27.413532   3.0902944e-06
       28.019749   3.1622766e-06
       28.639368   3.2359355e-06
       29.272690   3.3113101e-06
       29.920015   3.3884404e-06
       30.581654   3.4673673e-06
       31.257921   3.5481327e-06
       31.949142   3.6307793e-06
       32.655647   3.7153510e-06
       33.377773   3.8018927e-06
       34.115868   3.8904501e-06
       34.870281   3.9810704e-06
       35.641376   4.0738014e-06
       36.429520   4.1686924e-06
       37.235088   4.2657937e-06
       38.058468   4.3651568e-06
       38.900055   4.4668344e-06
       39.760250   4.5708803e-06
       40.639465   4.6773498e-06
       41.538116   4.7862993e-06
       42.456638   4.8977865e-06
       43.395470   5.0118706e-06
       44.355053   5.1286121e-06
       45.335857   5.2480728e-06
       46.338345   5.3703161e-06
       47.362999   5.4954068e-06
       48.410305   5.6234113e-06
       49.480762   5.7543974e-06
       50.574890   5.8884345e-06
       51.693207   6.0255938e-06
       52.836250   6.1659479e-06
       54.004562   6.3095712e-06
       55.198700   6.4565400e-06
       56.419243   6.6069322e-06
       57.666763   6.7608274e-06
       58.941868   6.9183073e-06
       60.245159   7.0794553e-06
       61.577263   7.2443570e-06
       62.938816   7.4130998e-06
       64.330467   7.5857731e-06
       65.752884   7.7624684e-06
       67.206749   7.9432795e-06
       68.692749   8.1283023e-06
       70.211601   8.3176347e-06
       71.764023   8.5113773e-06
       73.350761   8.7096328e-06
       74.972580   8.9125062e-06
       76.630249   9.1201051e-06
       78.324554   9.3325397e-06
       80.056320   9.5499224e-06
       81.826355   9.7723687e-06
       83.635521   9.9999964e-06
       85.484673   1.0232926e-05
       87.374702   1.0471282e-05
       89.306503   1.0715189e-05
       91.280998   1.0964778e-05
       93.299141   1.1220180e-05
       95.361885   1.1481532e-05
       97.470222   1.1748971e-05
       99.625153   1.2022640e-05
       101.82771   1.2302683e-05
       104.07895   1.2589250e-05
       106.37994   1.2882491e-05
       108.73179   1.3182563e-05
       111.13560   1.3489624e-05
       113.59254   1.3803838e-05
       116.10378   1.4125370e-05
       118.67052   1.4454392e-05
       121.29397   1.4791078e-05
       123.97540   1.5135607e-05
       126.71607   1.5488160e-05
       129.51730   1.5848926e-05
       132.38045   1.6218095e-05
       135.30684   1.6595863e-05
       138.29790   1.6982430e-05
       141.35504   1.7378002e-05
       144.47974   1.7782787e-05
       147.67348   1.8197002e-05
       150.93776   1.8620864e-05
       154.27419   1.9054600e-05
       157.68430   1.9498439e-05
       161.16975   1.9952616e-05
       164.73221   2.0417372e-05
       168.37337   2.0892953e-05
       172.09496   2.1379613e-05
       175.89876   2.1877608e-05
       179.78658   2.2387203e-05
       183.76028   2.2908668e-05
       187.82175   2.3442279e-05
       191.97293   2.3988320e-05
       196.21579   2.4547080e-05
       200.55235   2.5118855e-05
       204.98470   2.5703948e-05
       209.51492   2.6302670e-05
       214.14520   2.6915338e-05
       218.87772   2.7542276e-05
       223.71475   2.8183819e-05
       228.65858   2.8840304e-05
       233.71159   2.9512081e-05
       238.87616   3.0199506e-05
       244.15475   3.0902942e-05
       249.54990   3.1622764e-05
       255.06415   3.2359353e-05
       260.70013   3.3113099e-05
       266.46054   3.3884402e-05
       272.34808   3.4673672e-05
       278.36560   3.5481325e-05
       284.51593   3.6307791e-05
       290.80203   3.7153508e-05
       297.22684   3.8018925e-05
       303.79346   3.8904499e-05
       310.50500   3.9810701e-05
       317.36462   4.0738012e-05
       324.37561   4.1686922e-05
       331.54132   4.2657935e-05
       338.86511   4.3651566e-05
       346.35046   4.4668342e-05
       354.00098   4.5708801e-05
       361.82025   4.6773496e-05
       369.81201   4.7862990e-05
       377.98004   4.8977863e-05
       386.32822   5.0118704e-05
       394.86053   5.1286118e-05
       403.58099   5.2480725e-05
       412.49374   5.3703158e-05
       421.60303   5.4954065e-05
       430.91315   5.6234110e-05
       440.42853   5.7543971e-05
       450.15366   5.8884342e-05
       460.09317   6.0255934e-05
       470.25177   6.1659475e-05
       480.63425   6.3095709e-05
       491.24554   6.4565397e-05
       502.09070   6.6069318e-05
       513.17480   6.7608270e-05
       524.50305   6.9183069e-05
       536.08093   7.0794550e-05
       547.91382   7.2443567e-05
       560.00739   7.4130994e-05
       572.36725   7.5857727e-05
       584.99933   7.7624680e-05
       597.90948   7.9432791e-05
       611.10394   8.1283019e-05
       624.58887   8.3176343e-05
       638.37061   8.5113769e-05
       652.45569   8.7096323e-05
       666.85077   8.9125057e-05
       681.56256   9.1201047e-05
       696.59808   9.3325392e-05
       711.96436   9.5499219e-05
       727.66858   9.7723682e-05
       743.71820   9.9999959e-05
       760.12079   0.00010232926
       776.88403   0.00010471281
       794.01575   0.00010715189
       811.52405   0.00010964777
       829.41718   0.00011220180
       847.70343   0.00011481531
       866.39148   0.00011748971
       885.49005   0.00012022639
       905.00806   0.00012302683
       924.95471   0.00012589249
       945.33929   0.00012882490
       966.17133   0.00013182562
       987.46057   0.00013489623
       1009.2170   0.00013803837
       1031.4508   0.00014125370
       1054.1722   0.00014454392
       1077.3920   0.00014791078
       1101.1207   0.00015135606
       1125.3698   0.00015488160
       1150.1501   0.00015848925
       1175.5168   0.00016218094
       1201.4845   0.00016595862
       1227.9763   0.00016982429
       1255.0348   0.00017378001
       1282.8088   0.00017782787
       1311.0623   0.00018197001
       1339.9666   0.00018620863
       1369.4965   0.00019054599
       1399.7279   0.00019498438
       1430.5961   0.00019952615
       1462.1873   0.00020417371
       1494.4235   0.00020892952
       1527.3705   0.00021379612
       1561.0228   0.00021877607
       1595.3949   0.00022387202
       1630.4965   0.00022908667
       1666.4155   0.00023442278
       1703.1716   0.00023988319
       1740.7134   0.00024547079
       1779.0267   0.00025118853
       1818.1475   0.00025703947
       1858.1705   0.00026302669
       1899.0214   0.00026915336
       1940.8475   0.00027542275
       1983.5052   0.00028183817
       2027.1233   0.00028840302
       2071.7070   0.00029512079
       2117.1963   0.00030199504
       2163.6582   0.00030902941
       2211.2339   0.00031622763
       2259.8284   0.00032359352
       2309.4133   0.00033113098
       2360.1128   0.00033884401
       2411.8989   0.00034673670
       2464.7688   0.00035481323
       2518.7676   0.00036307789
       2573.9651   0.00037153507
       2630.3582   0.00038018923
       2687.9595   0.00038904497
       2746.6958   0.00039810699
       2806.8320   0.00040738010
       2868.1941   0.00041686920
       2930.8574   0.00042657933
       2994.9170   0.00043651564
       3060.2471   0.00044668339
       3127.0513   0.00045708799
       3195.2429   0.00046773493
       3264.8396   0.00047862988
       3335.9270   0.00048977860
       3408.5476   0.00050118701
       3482.7197   0.00051286115
       3558.3860   0.00052480722
       3635.6746   0.00053703156
       3714.6460   0.00054954063
       3795.2483   0.00056234107
       3877.5059   0.00057543968
       3961.4451   0.00058884339
       4047.1912   0.00060255931
       4134.6885   0.00061659472
       4224.0029   0.00063095706
       4315.1274   0.00064565394
       4408.2065   0.00066069315
       4503.1333   0.00067608267
       4599.9878   0.00069183066
       4699.0093   0.00070794546
       4799.9097   0.00072443563
       4902.8105   0.00074130990
       5007.9307   0.00075857723
       5115.1138   0.00077624676
       5224.4258   0.00079432787
       5335.9614   0.00081283014
       5449.8047   0.00083176339
       5565.8540   0.00085113765
       5684.2402   0.00087096319
       5804.8960   0.00089125053
       5928.0356   0.00091201042
       6053.6387   0.00093325387
       6181.5898   0.00095499214
       6312.0605   0.00097723677
       6445.1074   0.00099999954
       6580.6426    0.0010232925
       6719.0820    0.0010471281
       6859.7910    0.0010715188
       7003.5303    0.0010964777
       7149.7383    0.0011220179
       7298.8457    0.0011481531
       7450.6353    0.0011748970
       7605.7373    0.0012022639
       7763.0962    0.0012302682
       7923.3174    0.0012589248
       8086.8984    0.0012882489
       8253.5967    0.0013182561
       8422.7793    0.0013489622
       8595.3896    0.0013803836
       8771.2461    0.0014125369
       8949.9287    0.0014454391
       9131.5264    0.0014791077
       9316.8652    0.0015135605
       9505.0146    0.0015488159
       9696.4932    0.0015848924
       9891.1562    0.0016218093
       10089.093    0.0016595861
       10290.724    0.0016982428
       10495.579    0.0017378000
       10704.007    0.0017782786
       10914.707    0.0018197000
       11130.376    0.0018620862
       11348.392    0.0019054598
       11569.755    0.0019498437
       11795.058    0.0019952614
       12023.892    0.0020417370
       12256.144    0.0020892951
       12490.851    0.0021379611
       12730.170    0.0021877606
       12973.169    0.0022387201
       13218.892    0.0022908665
       13468.001    0.0023442277
       13720.946    0.0023988318
       13977.420    0.0024547077
       14237.034    0.0025118852
       14500.229    0.0025703945
       14767.204    0.0026302667
       15036.669    0.0026915335
       15309.893    0.0027542274
       15586.897    0.0028183816
       15866.686    0.0028840301
       16149.144    0.0029512078
       16435.646    0.0030199502
       16724.424    0.0030902939
       17016.611    0.0031622761
       17311.934    0.0032359350
       17610.250    0.0033113096
       17911.895    0.0033884399
       18214.936    0.0034673668
       18521.338    0.0035481321
       18830.604    0.0036307788
       19141.717    0.0037153505
       19455.707    0.0038018921
       19771.377    0.0038904495
       20089.453    0.0039810697
       20409.883    0.0040738008
       20731.455    0.0041686918
       21055.215    0.0042657931
       21380.725    0.0043651562
       21707.615    0.0044668337
       22034.742    0.0045708796
       22364.127    0.0046773491
       22693.715    0.0047862985
       23024.152    0.0048977858
       23355.379    0.0050118698
       23686.797    0.0051286113
       24017.508    0.0052480720
       24348.887    0.0053703153
       24679.330    0.0054954060
       25009.316    0.0056234104
       25338.697    0.0057543965
       25666.414    0.0058884336
       25992.312    0.0060255928
       26316.975    0.0061659469
       26639.859    0.0063095703
       26959.523    0.0064565390
       27277.043    0.0066069311
       27591.172    0.0067608263
       27901.547    0.0069183062
       28209.109    0.0070794543
       28511.789    0.0072443559
       28810.379    0.0074130986
       29104.221    0.0075857719
       29391.939    0.0077624672
       29674.529    0.0079432783
       29949.680    0.0081283010
       30219.172    0.0083176335
       30480.998    0.0085113760
       30735.537    0.0087096314
       30981.898    0.0089125048
       31219.527    0.0091201037
       31448.107    0.0093325382
       31667.865    0.0095499210
       31877.205    0.0097723672
       32077.182    0.0099999949
       32266.768     0.010232925
       32444.455     0.010471280
       32610.543     0.010715188
       32763.703     0.010964776
       32903.656     0.011220179
       33029.414     0.011481530
       33139.066     0.011748969
       33233.754     0.012022638
       33310.664     0.012302681
       33369.699     0.012589248
       33410.059     0.012882489
       33433.055     0.013182561
       33438.969     0.013489622
       33427.906     0.013803835
       33400.855     0.014125368
       33358.523     0.014454390
       33301.621     0.014791076
       33231.219     0.015135605
       33146.672     0.015488158
       33048.660     0.015848924
       32935.316     0.016218092
       32803.824     0.016595860
       32650.510     0.016982428
       32475.059     0.017377999
       32274.408     0.017782785
       32048.404     0.018196999
       31793.070     0.018620862
       31508.639     0.019054597
       31194.562     0.019498436
       30854.115     0.019952613
       30487.703     0.020417369
       30098.309     0.020892950
       29689.012     0.021379610
       29261.602     0.021877605
       28816.246     0.022387199
       28355.887     0.022908664
       27884.039     0.023442276
       27400.068     0.023988316
       26907.545     0.024547076
       26408.107     0.025118851
       25901.891     0.025703944
       25392.045     0.026302666
       24879.535     0.026915334
       24365.830     0.027542272
       23852.105     0.028183814
       23340.125     0.028840300
       22827.816     0.029512076
       22315.203     0.030199501
       21803.271     0.030902938
       21292.600     0.031622760
       20781.434     0.032359348
       20269.156     0.033113094
       19757.883     0.033884397
       19246.832     0.034673666
       18738.559     0.035481320
       18239.137     0.036307786
       17750.881     0.037153503
       17280.252     0.038018919
       16827.762     0.038904493
       16398.535     0.039810695
       15993.721     0.040738006
       15616.857     0.041686916
       15269.299     0.042657929
       14947.736     0.043651559
       14648.718     0.044668335
       14370.111     0.045708794
       14109.170     0.046773488
       13864.024     0.047862983
       13630.381     0.048977855
       13408.262     0.050118696
       13194.980     0.051286110
       12986.859     0.052480717
       12782.378     0.053703150
       12578.475     0.054954057
       12371.405     0.056234101
       12158.971     0.057543962
       11938.149     0.058884333
       11707.785     0.060255925
       11464.852     0.061659466
       11209.048     0.063095699
       10937.436     0.064565387
       10651.485     0.066069308
       10349.138     0.067608260
       10030.448     0.069183058
       9696.7695     0.070794539
       9347.9902     0.072443556
       8984.6338     0.074130983
       8607.8359     0.075857715
       8220.8389     0.077624668
       7832.2446     0.079432779
       7452.1943     0.081283006
       7088.3140     0.083176330
       6747.3887     0.085113756
       6434.9810     0.087096310
       6155.1221     0.089125044
       5910.9600     0.091201032
       5705.6016     0.093325377
       5536.7339     0.095499205
       5396.0039     0.097723667
       5274.6987     0.099999943
       5165.1245      0.10232924
       5059.6123      0.10471280
       4951.7598      0.10715187
       4835.3984      0.10964776
       4705.7944      0.11220178
       4557.6665      0.11481530
       4392.7515      0.11748969
       4217.5664      0.12022637
       4037.3142      0.12302681
       3856.6294      0.12589247
       3680.8257      0.12882488
       3512.7522      0.13182560
       3355.3835      0.13489621
       3211.4941      0.13803835
       3082.0508      0.14125367
       2964.8821      0.14454389
       2857.1174      0.14791075
       2756.0439      0.15135604
       2659.4656      0.15488157
       2565.2830      0.15848923
       2472.0122      0.16218092
       2377.6741      0.16595859
       2281.4678      0.16982427
       2182.7656      0.17377998
       2083.5750      0.17782784
       1985.5472      0.18196998
       1889.9879      0.18620861
       1797.9636      0.19054596
       1710.7820      0.19498435
       1629.0956      0.19952612
       1553.2933      0.20417368
       1483.6659      0.20892949
       1420.2462      0.21379608
       1361.5815      0.21877603
       1307.1747      0.22387198
       1255.8866      0.22908663
       1206.8953      0.23442274
       1159.8953      0.23988315
       1114.1285      0.24547075
       1069.1874      0.25118850
       1024.7312      0.25703943
       980.97339      0.26302664
       937.98309      0.26915332
       895.99982      0.27542271
       855.18542      0.28183813
       815.66681      0.28840298
       777.60797      0.29512075
       741.09399      0.30199499
       706.12366      0.30902936
       672.80487      0.31622758
       640.97516      0.32359347
       610.65393      0.33113093
       581.69482      0.33884396
       554.12238      0.34673664
       527.83362      0.35481318
       502.73431      0.36307784
       478.83688      0.37153501
       456.01270      0.38018917
       434.27850      0.38904491
       413.54132      0.39810693
       393.75943      0.40738003
       374.87424      0.41686913
       356.85092      0.42657926
       339.64499      0.43651557
       323.21729      0.44668332
       307.51328      0.45708792
       292.53625      0.46773486
       278.21942      0.47862980
       264.56491      0.48977852
       251.53502      0.50118693
       239.09200      0.51286107
       227.24440      0.52480714
       215.94571      0.53703147
       205.18271      0.54954054
       194.92430      0.56234099
       185.16496      0.57543959
       175.87204      0.58884330
       167.02536      0.60255922
       158.60048      0.61659463
       150.58055      0.63095696
       142.95657      0.64565384
       135.69760      0.66069305
       128.79153      0.67608256
       122.22110      0.69183055
       115.96786      0.70794535
       110.01647      0.72443552
       104.35771      0.74130979
       98.986565      0.75857711
       93.879959      0.77624664
       89.023392      0.79432775
       84.407211      0.81283002
       80.021851      0.83176326
       75.854637      0.85113752
       71.899460      0.87096305
       68.143227      0.89125039
       64.576599      0.91201028
       61.189594      0.93325373
       57.972095      0.95499200
       54.917969      0.97723662
       52.020554      0.99999938
       49.271275       1.0232924
       46.662079       1.0471279
       44.184513       1.0715186
       41.839706       1.0964775
       39.610283       1.1220178
       37.494976       1.1481529
       35.493557       1.1748968
       33.593544       1.2022637
       31.796721       1.2302680
       30.090199       1.2589246
       28.469328       1.2882487
       26.934656       1.3182559
       25.482981       1.3489620
       24.105438       1.3803834
       22.801231       1.4125367
       21.563307       1.4454389
       20.394196       1.4791075
       19.284285       1.5135603
       18.233883       1.5488156
       17.239489       1.5848922
       16.299147       1.6218091
       15.407169       1.6595859
       14.565285       1.6982426
       13.765096       1.7377997
       13.009370       1.7782783
       12.293135       1.8196997
       11.616189       1.8620860
       10.975536       1.9054595
       10.369951       1.9498434
       9.7957735       1.9952611
       9.2536898       2.0417367
       8.7407799       2.0892948
       8.2552280       2.1379607
       7.7960267       2.1877602
       7.3623476       2.2387197
       6.9523826       2.2908662
       6.5643950       2.3442273
       6.1979027       2.3988314
       5.8513117       2.4547074
       5.5236044       2.5118848
       5.2139645       2.5703941
       4.9214478       2.6302663
       4.6452270       2.6915331
       4.3839540       2.7542269
       4.1369529       2.8183811
       3.9038420       2.8840297
       3.6835976       2.9512073
       3.4754095       3.0199498
       3.2789752       3.0902934
       3.0932868       3.1622756
       2.9180512       3.2359345
       2.7524245       3.3113091
       2.5960522       3.3884394
       2.4486625       3.4673663
       2.3092313       3.5481316
       2.1778488       3.6307782
       2.0535355       3.7153499
       1.9363512       3.8018915
       1.8256143       3.8904489
       1.7212380       3.9810691
       1.6228408       4.0738001
       1.5298417       4.1686911
       1.4421289       4.2657924
       1.3593601       4.3651555
       1.2811934       4.4668330
       1.2075346       4.5708789
       1.1380875       4.6773484
       1.0724957       4.7862978
       1.0106820       4.8977850
      0.95237070       5.0118691
      0.89733469       5.1286105
      0.84547669       5.2480712
      0.79655373       5.3703144
      0.75043750       5.4954051
      0.70696205       5.6234096
      0.66596788       5.7543956
      0.62731677       5.8884327
      0.59085011       6.0255919
      0.55650568       6.1659460
      0.52412832       6.3095693
      0.49361250       6.4565380
      0.46485290       6.6069301
      0.43774304       6.7608253
      0.41218853       6.9183051
      0.38810012       7.0794532
      0.36540642       7.2443548
      0.34403852       7.4130975
      0.32390940       7.5857707
      0.30495036       7.7624660
      0.28705198       7.9432771
      0.27020890       8.1282998
      0.25434613       8.3176322
      0.23939857       8.5113747
      0.22532807       8.7096301
      0.21207443       8.9125034
      0.19959430       9.1201023
      0.18782617       9.3325368
      0.17675154       9.5499195
      0.16632573       9.7723657
      0.15651348       9.9999933
      0.14724869       10.232923
      0.13856208       10.471278
      0.13037217       10.715186
      0.12265184       10.964775
      0.11537777       11.220177
      0.10853730       11.481528
      0.10209908       11.748968
     0.096045926       12.022636
     0.090355001       12.302679
     0.084975548       12.589246
     0.079927720       12.882487
     0.075164989       13.182558
     0.070691198       13.489620
     0.066484869       13.803833
     0.062524147       14.125366
     0.058798086       14.454388
     0.055291276       14.791074
     0.051987238       15.135602
     0.048882015       15.488156
     0.045958895       15.848921
     0.043210164       16.218090
     0.040627025       16.595858
     0.038197756       16.982425
     0.035906900       17.377996
     0.033753153       17.782782
     0.031731065       18.196996
     0.029826324       18.620859
     0.028035125       19.054594
     0.026351884       19.498433
     0.024768986       19.952609
     0.023277292       20.417365
     0.021877062       20.892947
     0.020561757       21.379606
     0.019323934       21.877601
     0.018158168       22.387196
     0.017063480       22.908661
     0.016033871       23.442272
     0.015065957       23.988313
     0.014156777       24.547072
     0.013301025       25.118847
     0.012497749       25.703940
     0.011741193       26.302662
     0.011031791       26.915329
     0.010363599       27.542268
    0.0097352806       28.183810
    0.0091454713       28.840295
    0.0085910354       29.512072
    0.0080699986       30.199496
    0.0075800885       30.902933
    0.0071198712       31.622755
    0.0066870344       32.359343
    0.0062804651       33.113089
    0.0058983578       33.884392
    0.0055394638       34.673661
    0.0052024168       35.481314
    0.0048856786       36.307780
    0.0045875222       37.153497
    0.0043079271       38.018913
    0.0040452308       38.904487
    0.0037982371       39.810689
    0.0035664083       40.737999
    0.0033485494       41.686909
    0.0031437674       42.657922
    0.0029513051       43.651553
    0.0027706660       44.668328
    0.0026011076       45.708787
    0.0024418321       46.773481
    0.0022921355       47.862976
    0.0021515919       48.977847
    0.0020195146       50.118688
    0.0018954896       51.286102
    0.0017790321       52.480709
    0.0016696824       53.703142
    0.0015670358       54.954049
    0.0014706677       56.234093
    0.0013804724       57.543953
    0.0012957617       58.884324
    0.0012162203       60.255916
    0.0011415349       61.659456
    0.0010714108       63.095690
    0.0010055712       64.565377
   0.00094375591       66.069298
   0.00088572036       67.608249
   0.00083123479       69.183048
   0.00078008341       70.794528
   0.00073206332       72.443544
   0.00068698393       74.130971
   0.00064466632       75.857703
   0.00060494209       77.624656
   0.00056765333       79.432767
   0.00053265155       81.282993
   0.00049979723       83.176318
   0.00046895933       85.113743
   0.00044001485       87.096297
   0.00041284811       89.125030
   0.00038735053       91.201018
   0.00036342014       93.325363
   0.00034096109       95.499190
   0.00031988343       97.723652
   0.00030010261       99.999928
   0.00028153925       102.32923
   0.00026411886       104.71278
   0.00024777139       107.15185
   0.00023243108       109.64774
   0.00021803624       112.20176
   0.00020452886       114.81528
   0.00019185450       117.48967
   0.00017996207       120.22636
   0.00016880354       123.02679
   0.00015833386       125.89245
   0.00014851069       128.82486
   0.00013929432       131.82558
   0.00013064746       134.89619
   0.00012253504       138.03833
   0.00011492422       141.25365
   0.00010778413       144.54387
   0.00010108577       147.91073
   9.4801966e-05       151.35601
   8.8907153e-05       154.88155
   8.3377381e-05       158.48920
   7.8190133e-05       162.18089
   7.3324300e-05       165.95857
   6.8760048e-05       169.82424
   6.4478765e-05       173.77996
   6.0462997e-05       177.82781
   5.6696343e-05       181.96995
   5.3163414e-05       186.20858
   4.9849776e-05       190.54593
   4.6741872e-05       194.98432
   4.3826982e-05       199.52608
   4.1093175e-05       204.17364
   3.8529244e-05       208.92946
   3.6124678e-05       213.79605
   3.3869615e-05       218.77600
   3.1754797e-05       223.87195
   2.9771536e-05       229.08660
   2.7911685e-05       234.42271
   2.6167594e-05       239.88311
   2.4532086e-05       245.47071
   2.2998429e-05       251.18846
   2.1560307e-05       257.03939
   2.0211788e-05       263.02660
   1.8947316e-05       269.15328
   1.7761669e-05       275.42267
   1.6649956e-05       281.83808
   1.5607582e-05       288.40294
   1.4630240e-05       295.12070
   1.3713887e-05       301.99495
   1.2854732e-05       309.02931
   1.2049219e-05       316.22753
   1.1294010e-05       323.59342
   1.0585975e-05       331.13087
   9.9221797e-06       338.84390
   9.2998689e-06       346.73659
   8.7164590e-06       354.81312
   8.1695289e-06       363.07778
   7.6568040e-06       371.53495
   7.1761533e-06       380.18911
   6.7255774e-06       389.04485
   6.3032016e-06       398.10687
   5.9072668e-06       407.37997
   5.5361234e-06       416.86907
   5.1882243e-06       426.57920
   4.8621196e-06       436.51550
   4.5564479e-06       446.68326
   4.2699330e-06       457.08784
   4.0013792e-06       467.73479
   3.7496643e-06       478.62973
   3.5137355e-06       489.77845
   3.2926059e-06       501.18685
   3.0853510e-06       512.86100
   2.8911024e-06       524.80706
   2.7090471e-06       537.03139
   2.5384218e-06       549.54046
   2.3785115e-06       562.34090
   2.2286451e-06       575.43950
   2.0881942e-06       588.84321
   1.9565687e-06       602.55913
   1.8332162e-06       616.59453
   1.7176180e-06       630.95686
   1.6092885e-06       645.65374
   1.5077717e-06       660.69294
   1.4126407e-06       676.08246
   1.3234951e-06       691.83044
   1.2399593e-06       707.94524
   1.1616814e-06       724.43541
   1.0883316e-06       741.30967
   1.0196003e-06       758.57699
   9.5519783e-07       776.24652
   8.9485212e-07       794.32763
   8.3830855e-07       812.82989
   7.8532821e-07       831.76313
   7.3568725e-07       851.13738
   6.8917575e-07       870.96292
   6.4559697e-07       891.25025
   6.0476657e-07       912.01014
   5.6651169e-07       933.25358
   5.3067032e-07       954.99185
   4.9709070e-07       977.23647
   4.6563036e-07       999.99923
   4.3615603e-07       1023.2922
   4.0854266e-07       1047.1277
   3.8267308e-07       1071.5185
   3.5843746e-07       1096.4773
   3.3573286e-07       1122.0176
   3.1446285e-07       1148.1527
   2.9453705e-07       1174.8966
   2.7587069e-07       1202.2635
   2.5838440e-07       1230.2678
   2.4200378e-07       1258.9244
   2.2665911e-07       1288.2485
   2.1228503e-07       1318.2557
   1.9882030e-07       1348.9618
   1.8620757e-07       1380.3832
   1.7439304e-07       1412.5364
   1.6332635e-07       1445.4386
   1.5296025e-07       1479.1072
   1.4325055e-07       1513.5601
   1.3415574e-07       1548.8154
   1.2563702e-07       1584.8920
   1.1765797e-07       1621.8088
   1.1018449e-07       1659.5856
   1.0318462e-07       1698.2423
   9.6628426e-08       1737.7995
   9.0487859e-08       1778.2780
   8.4736627e-08       1819.6994
   7.9350109e-08       1862.0857
   7.4305234e-08       1905.4592
   6.9580388e-08       1949.8431
   6.5155305e-08       1995.2607
   6.1011029e-08       2041.7363
   5.7129771e-08       2089.2945
   5.3494883e-08       2137.9604
   5.0090762e-08       2187.7599
   4.6902787e-08       2238.7194
   4.3917275e-08       2290.8658
   4.1121389e-08       2344.2270
   3.8503117e-08       2398.8310
   3.6051201e-08       2454.7070
   3.3755096e-08       2511.8844
   3.1604920e-08       2570.3937
   2.9591424e-08       2630.2659
   2.7705935e-08       2691.5327
   2.5940336e-08       2754.2265
   2.4287019e-08       2818.3807
   2.2738860e-08       2884.0292
   2.1289186e-08       2951.2069
   1.9931745e-08       3019.9493
   1.8660680e-08       3090.2930
   1.7470509e-08       3162.2751
   1.6356095e-08       3235.9340
   1.5312624e-08       3311.3086
   1.4335591e-08       3388.4389
   1.3420776e-08       3467.3657
   1.2564223e-08       3548.1311
   1.1762230e-08       3630.7776
   1.1011330e-08       3715.3493
   1.0308273e-08       3801.8909
   9.6500195e-09       3890.4483
   9.0337187e-09       3981.0685
   8.4567020e-09       4073.7995
   7.9164710e-09       4168.6905
   7.4106854e-09       4265.7918
   6.9371535e-09       4365.1548
   6.4938224e-09       4466.8323
   6.0787699e-09       4570.8782
   5.6901959e-09       4677.3476
   5.3264149e-09       4786.2971
   4.9858473e-09       4897.7842
   4.6670152e-09       5011.8683
   4.3685344e-09       5128.6097
   4.0891082e-09       5248.0704
   3.8275223e-09       5370.3136
   3.5826400e-09       5495.4043
   3.3533969e-09       5623.4087
   3.1387961e-09       5754.3947
   2.9379041e-09       5888.4318
   2.7498468e-09       6025.5910
   2.5738058e-09       6165.9450
   2.4090150e-09       6309.5683
   2.2547564e-09       6456.5370
   2.1103583e-09       6606.9291
   1.9751916e-09       6760.8242
   1.8486671e-09       6918.3041
   1.7302334e-09       7079.4521
   1.6193741e-09       7244.3537
   1.5156054e-09       7413.0964
   1.4184750e-09       7585.7696
   1.3275587e-09       7762.4648
   1.2424598e-09       7943.2758
   1.1628066e-09       8128.2985
   1.0882515e-09       8317.6309
   1.0184685e-09       8511.3734
   9.5315289e-10       8709.6288
   8.9201907e-10       8912.5021
   8.3479978e-10       9120.1009
   7.8124490e-10       9332.5353
   7.3112011e-10       9549.9180
   6.8420603e-10       9772.3642
   6.4029748e-10       9999.9918
   5.9920213e-10       10232.921
   5.6074012e-10       10471.277
   5.2474303e-10       10715.184
   4.9105303e-10       10964.773
   4.5952264e-10       11220.175
   4.3001358e-10       11481.527
   4.0239653e-10       11748.966
   3.7655035e-10       12022.634
   3.5236170e-10       12302.678
   3.2972441e-10       12589.244
   3.0853922e-10       12882.485
   2.8871308e-10       13182.556
   2.7015898e-10       13489.618
   2.5279545e-10       13803.831
   2.3654617e-10       14125.364
   2.2133978e-10       14454.386
   2.0710947e-10       14791.072
   1.9379265e-10       15135.600
   1.8133081e-10       15488.153
   1.6966913e-10       15848.919
   1.5875630e-10       16218.087
   1.4854434e-10       16595.855
   1.3898828e-10       16982.422
   1.3004607e-10       17377.994
   1.2167835e-10       17782.779
   1.1384824e-10       18196.993
   1.0652128e-10       18620.856
   9.9665179e-11       19054.591
   9.3249727e-11       19498.430
   8.7246640e-11       19952.606
   8.1629460e-11       20417.362
   7.6373415e-11       20892.944
   7.1455314e-11       21379.603
   6.6853474e-11       21877.598
   6.2547578e-11       22387.193
   5.8518627e-11       22908.657
   5.4748834e-11       23442.268
   5.1221555e-11       23988.309
   4.7921212e-11       24547.068
   4.4833224e-11       25118.843
   4.1943945e-11       25703.936
   3.9240614e-11       26302.658
   3.6711273e-11       26915.325
   3.4344749e-11       27542.264
   3.2130569e-11       28183.805
   3.0058941e-11       28840.291
   2.8120704e-11       29512.067
   2.6307278e-11       30199.492
   2.4610638e-11       30902.928
   2.3023274e-11       31622.750
   2.1538158e-11       32359.338
   2.0148714e-11       33113.084
   1.8848785e-11       33884.387
   1.7632612e-11       34673.656
   1.6494809e-11       35481.309
   1.5430331e-11       36307.775
   1.4434457e-11       37153.491
   1.3502774e-11       38018.907
   1.2631150e-11       38904.481
   1.1815719e-11       39810.683
   1.1052863e-11       40737.993
   1.0339195e-11       41686.903
   9.6715492e-12       42657.915
   9.0469620e-12       43651.546
   8.4626603e-12       44668.321
   7.9160472e-12       45708.780
   7.4046975e-12       46773.474
   6.9263375e-12       47862.968
   6.4788422e-12       48977.840
   6.0602231e-12       50118.680
   5.6686188e-12       51286.094
   5.3022886e-12       52480.701
   4.9596030e-12       53703.133
   4.6390379e-12       54954.040
   4.3391679e-12       56234.084
   4.0586579e-12       57543.944
   3.7962597e-12       58884.315
   3.5508057e-12       60255.907
   3.3212029e-12       61659.447
   3.1064292e-12       63095.680
   2.9055276e-12       64565.367
   2.7176035e-12       66069.288
   2.5418198e-12       67608.239
   2.3773928e-12       69183.037
   2.2235900e-12       70794.517
   2.0797257e-12       72443.533
   1.9451582e-12       74130.960
   1.8192880e-12       75857.692
   1.7015533e-12       77624.644
   1.5914289e-12       79432.754
   1.4884236e-12       81282.981
   1.3920776e-12       83176.305
   1.3019611e-12       85113.730
   1.2176717e-12       87096.283
   1.1388330e-12       89125.016
   1.0650930e-12       91201.004
   9.9612235e-13       93325.349
   9.3161286e-13       95499.175
   8.7127636e-13       97723.637
   8.1484331e-13       99999.913
   7.6206137e-13       102329.21
   7.1269461e-13       104712.76
   6.6652239e-13       107151.84
   6.2333813e-13       109647.72
   5.8294873e-13       112201.75
   5.4517355e-13       114815.26
   5.0984352e-13       117489.65
   4.7680057e-13       120226.34
   4.4589682e-13       123026.77
   4.1699397e-13       125892.43
   3.8996256e-13       128824.84
   3.6468157e-13       131825.56
   3.4103777e-13       134896.17
   3.1892528e-13       138038.30
   2.9824502e-13       141253.63
   2.7890434e-13       144543.85
   2.6081654e-13       147910.71
   2.4390055e-13       151355.99
   2.2808058e-13       154881.52
   2.1328562e-13       158489.18
   1.9944940e-13       162180.87
   1.8650982e-13       165958.54
   1.7440887e-13       169824.21
   1.6309221e-13       173779.93
   1.5250911e-13       177827.78
   1.4261204e-13       181969.92
   1.3335658e-13       186208.55
   1.2470119e-13       190545.90
   1.1660701e-13       194984.29
   1.0903768e-13       199526.05
   1.0195921e-13       204173.61
   9.5339786e-14       208929.43
   8.9149689e-14       213796.02
   8.3361093e-14       218775.97
   7.7947990e-14       223871.91
   7.2886040e-14       229086.56
   6.8152488e-14       234422.67
   6.3726049e-14       239883.08
   5.9586830e-14       245470.67
   5.5716201e-14       251188.42
   5.2096755e-14       257039.35
   4.8712207e-14       263026.56
   4.5547333e-14       269153.24
   4.2587881e-14       275422.62
   3.9820540e-14       281838.04
   3.7232848e-14       288402.89
   3.4813149e-14       295120.66
   3.2550558e-14       301994.90
   3.0434876e-14       309029.27
   2.8456577e-14       316227.48
   2.6606748e-14       323593.37
   2.4877054e-14       331130.82
   2.3259704e-14       338843.85
   2.1747405e-14       346736.54
   2.0333341e-14       354813.07
   1.9011138e-14       363077.73
   1.7774832e-14       371534.89
   1.6618851e-14       380189.05
   1.5537979e-14       389044.79
   1.4527342e-14       398106.81
   1.3582380e-14       407379.91
   1.2698829e-14       416869.01
   1.1872702e-14       426579.13
   1.1100270e-14       436515.44
   1.0378048e-14       446683.19
   9.7027726e-15       457087.77
   9.0713968e-15       467734.72
   8.4810690e-15       478629.66
   7.9291237e-15       489778.37
   7.4130663e-15       501186.78
   6.9305663e-15       512860.92
   6.4794433e-15       524806.98
   6.0576590e-15       537031.31
   5.6633072e-15       549540.37
   5.2946047e-15       562340.81
   4.9498856e-15       575439.41
   4.6275909e-15       588843.12
   4.3262627e-15       602559.03
   4.0445391e-15       616594.44
   3.7811453e-15       630956.77
   3.5348898e-15       645653.64
   3.3046584e-15       660692.84
   3.0894095e-15       676082.35
   2.8881691e-15       691830.34
   2.7000259e-15       707945.13
   2.5241287e-15       724435.29
   2.3596807e-15       741309.56
   2.2059379e-15       758576.88
   2.0622034e-15       776246.40
   1.9278264e-15       794327.50
   1.8021985e-15       812829.77
   1.6847505e-15       831763.00
   1.5749502e-15       851137.25
   1.4723000e-15       870962.79
   1.3763345e-15       891250.11
   1.2866191e-15       912010.00
   1.2027470e-15       933253.44
   1.1243378e-15       954991.70
   1.0510362e-15       977236.32
   9.8250951e-16       999999.07
   9.1844714e-16       1023292.0
   8.5855842e-16       1047127.6
   8.0257171e-16       1071518.3
   7.5023302e-16       1096477.2
   7.0130474e-16       1122017.4
   6.5556491e-16       1148152.6
   6.1280594e-16       1174896.5
   5.7283367e-16       1202263.3
   5.3546665e-16       1230267.6
   5.0053527e-16       1258924.2
   4.6788083e-16       1288248.4
   4.3735509e-16       1318255.5
   4.0881934e-16       1348961.6
   3.8214402e-16       1380383.0
   3.5720788e-16       1412536.2
   3.3389766e-16       1445438.4
   3.1210739e-16       1479107.0
   2.9173811e-16       1513559.8
   2.7269715e-16       1548815.2
   2.5489800e-16       1584891.7
   2.3825973e-16       1621808.6
   2.2270667e-16       1659585.4
   2.0816811e-16       1698242.1
   1.9457793e-16       1737799.2
   1.8187432e-16       1778277.7
   1.6999947e-16       1819699.1
   1.5889937e-16       1862085.4
   1.4852350e-16       1905458.9
   1.3882465e-16       1949842.8
   1.2975870e-16       1995260.4
   1.2128434e-16       2041736.0
   1.1336303e-16       2089294.2
   1.0595869e-16       2137960.1
   9.9037613e-17       2187759.6
   9.2568280e-17       2238719.0
   8.6521226e-17       2290865.5
   8.0868916e-17       2344226.6
   7.5585587e-17       2398830.6
   7.0647180e-17       2454706.6
   6.6031195e-17       2511884.1
   6.1716587e-17       2570393.3
   5.7683705e-17       2630265.5
   5.3914167e-17       2691532.3
   5.0390781e-17       2754226.1
   4.7097490e-17       2818380.3
   4.4019280e-17       2884028.8
   4.1142114e-17       2951206.4
   3.8452871e-17       3019948.8
   3.5939287e-17       3090292.5
   3.3589892e-17       3162274.6
   3.1393973e-17       3235933.5
   2.9341512e-17       3311308.1
   2.7423140e-17       3388438.3
   2.5630105e-17       3467365.2
   2.3954226e-17       3548130.5
   2.2387852e-17       3630777.1
   2.0923831e-17       3715348.7
   1.9555484e-17       3801890.3
   1.8276559e-17       3890447.7
   1.7081218e-17       3981067.9
   1.5964003e-17       4073798.9
   1.4919812e-17       4168689.8
   1.3943873e-17       4265791.1
   1.3031729e-17       4365154.1
   1.2179213e-17       4466831.6
   1.1382430e-17       4570877.5
   1.0637739e-17       4677346.9
   9.9417357e-18       4786296.3
   9.2912401e-18       4897783.5
   8.6832788e-18       5011867.5
   8.1150719e-18       5128608.9
   7.5840220e-18       5248069.5
   7.0877012e-18       5370312.8
   6.6238394e-18       5495403.4
   6.1903157e-18       5623407.8
   5.7851469e-18       5754393.8
   5.4064802e-18       5888430.9
   5.0525825e-18       6025590.0
   4.7218356e-18       6165944.1
   4.4127253e-18       6309567.3
   4.1238378e-18       6456536.0
   3.8538502e-18       6606928.1
   3.6015278e-18       6760823.2
   3.3657148e-18       6918303.0
   3.1453317e-18       7079451.0
   2.9393702e-18       7244352.6
   2.7468865e-18       7413095.2
   2.5669997e-18       7585768.4
   2.3988856e-18       7762463.6
   2.2417746e-18       7943274.6
   2.0949468e-18       8128297.3
   1.9577295e-18       8317629.6
   1.8294942e-18       8511372.1
   1.7096533e-18       8709627.4
   1.5976577e-18       8912500.7
   1.4929940e-18       9120099.5
   1.3951828e-18       9332533.9
   1.3037754e-18       9549916.5
   1.2183531e-18       9772362.7
   1.1385242e-18       9999990.2
   1.0639225e-18       10232920.
   9.9420616e-19       10471275.
   9.2905525e-19       10715183.
   8.6817124e-19       10964771.
   8.1127465e-19       11220174.
   7.5810462e-19       11481525.
   7.0841717e-19       11748964.
   6.6198432e-19       12022633.
   6.1859306e-19       12302676.
   5.7804431e-19       12589242.
   5.4015189e-19       12882483.
   5.0474194e-19       13182554.
   4.7165197e-19       13489616.
   4.4073000e-19       13803829.
   4.1183407e-19       14125362.
   3.8483156e-19       14454383.
   3.5959847e-19       14791069.
   3.3601891e-19       15135598.
   3.1398460e-19       15488151.
   2.9339435e-19       15848916.
   2.7415356e-19       16218085.
   2.5617383e-19       16595853.
   2.3937258e-19       16982420.
   2.2367258e-19       17377991.
   2.0900175e-19       17782776.
   1.9529263e-19       18196991.
   1.8248221e-19       18620853.
   1.7051161e-19       19054588.
   1.5932583e-19       19498427.
   1.4887342e-19       19952603.
   1.3910634e-19       20417359.
   1.2997970e-19       20892941.
   1.2145149e-19       21379600.
   1.1348252e-19       21877594.
   1.0603613e-19       22387189.
   9.9078078e-20       22908654.
   9.2576355e-20       23442265.
   8.6501049e-20       23988305.
   8.0824212e-20       24547065.
   7.5519722e-20       25118839.
   7.0563172e-20       25703932.
   6.5931749e-20       26302654.
   6.1604140e-20       26915321.
   5.7560436e-20       27542259.
   5.3782010e-20       28183801.
   5.0251474e-20       28840286.
   4.6952575e-20       29512063.
   4.3870122e-20       30199487.
   4.0989921e-20       30902923.
   3.8298711e-20       31622745.
   3.5784098e-20       32359333.
   3.3434501e-20       33113079.
   3.1239096e-20       33884382.
   2.9187769e-20       34673650.
   2.7271069e-20       35481303.
   2.5480168e-20       36307769.
   2.3806814e-20       37153485.
   2.2243294e-20       38018901.
   2.0782404e-20       38904475.
   1.9417412e-20       39810677.
   1.8142024e-20       40737987.
   1.6950364e-20       41686896.
   1.5836935e-20       42657909.
   1.4796607e-20       43651539.
   1.3824582e-20       44668314.
   1.2916378e-20       45708773.
   1.2067807e-20       46773467.
   1.1274956e-20       47862961.
   1.0534169e-20       48977832.
   9.8420260e-21       50118673.
   9.1953371e-21       51286086.
   8.5911180e-21       52480693.
   8.0265818e-21       53703125.
   7.4991225e-21       54954032.
   7.0063070e-21       56234075.
   6.5458611e-21       57543935.
   6.1156597e-21       58884306.
   5.7137170e-21       60255897.
   5.3381782e-21       61659437.
   4.9873090e-21       63095670.
   4.6594906e-21       64565357.
   4.3532088e-21       66069277.
   4.0670496e-21       67608229.
   3.7996917e-21       69183026.
   3.5499005e-21       70794506.
   3.3165221e-21       72443522.
   3.0984790e-21       74130948.
   2.8947640e-21       75857680.
   2.7044357e-21       77624632.
   2.5266153e-21       79432742.
   2.3604810e-21       81282968.
   2.2052651e-21       83176292.
   2.0602508e-21       85113717.
   1.9247675e-21       87096270.
   1.7981895e-21       89125002.
   1.6799313e-21       91200990.
   1.5694467e-21       93325334.
   1.4662248e-21       95499160.
   1.3697885e-21       97723622.
   1.2796919e-21       99999897.
   1.1955184e-21   1.0232919e+08
   1.1168789e-21   1.0471275e+08
   1.0434097e-21   1.0715182e+08
   9.7477106e-22   1.0964771e+08
   9.1064548e-22   1.1220173e+08
   8.5073638e-22   1.1481524e+08
   7.9476673e-22   1.1748963e+08
   7.4247755e-22   1.2022632e+08
   6.9362689e-22   1.2302675e+08
   6.4798883e-22   1.2589241e+08
   6.0535212e-22   1.2882482e+08
   5.6551951e-22   1.3182554e+08
   5.2830674e-22   1.3489615e+08
   4.9354147e-22   1.3803828e+08
   4.6106287e-22   1.4125361e+08
   4.3072063e-22   1.4454383e+08
   4.0237424e-22   1.4791069e+08
   3.7589250e-22   1.5135597e+08
   3.5115281e-22   1.5488150e+08
   3.2804063e-22   1.5848915e+08
   3.0644893e-22   1.6218084e+08
   2.8627775e-22   1.6595852e+08
   2.6743369e-22   1.6982419e+08
   2.4982945e-22   1.7377990e+08
   2.3338348e-22   1.7782776e+08
   2.1801967e-22   1.8196990e+08
   2.0366678e-22   1.8620852e+08
   1.9025837e-22   1.9054587e+08
   1.7773229e-22   1.9498426e+08
   1.6603053e-22   1.9952602e+08
   1.5509885e-22   2.0417358e+08
   1.4488660e-22   2.0892939e+08
   1.3534646e-22   2.1379599e+08
   1.2643421e-22   2.1877593e+08
   1.1810856e-22   2.2387188e+08
   1.1033089e-22   2.2908653e+08
   1.0306517e-22   2.3442264e+08
   9.6277716e-23   2.3988304e+08
   8.9937054e-23   2.4547063e+08
   8.4013794e-23   2.5118838e+08
   7.8480465e-23   2.5703931e+08
   7.3311412e-23   2.6302652e+08
   6.8482662e-23   2.6915320e+08
   6.3971829e-23   2.7542258e+08
   5.9757981e-23   2.8183800e+08
   5.5821584e-23   2.8840285e+08
   5.2144368e-23   2.9512061e+08
   4.8709283e-23   3.0199485e+08
   4.5500393e-23   3.0902922e+08
   4.2502803e-23   3.1622743e+08
   3.9702615e-23   3.2359332e+08
   3.7086828e-23   3.3113077e+08
   3.4643306e-23   3.3884380e+08
   3.2360709e-23   3.4673648e+08
   3.0228446e-23   3.5481301e+08
   2.8236620e-23   3.6307767e+08
   2.6375981e-23   3.7153484e+08
   2.4637898e-23   3.8018899e+08
   2.3014297e-23   3.8904473e+08
   2.1497646e-23   3.9810675e+08
   2.0080899e-23   4.0737985e+08
   1.8757481e-23   4.1686894e+08
   1.7521243e-23   4.2657907e+08
   1.6366448e-23   4.3651537e+08
   1.5287731e-23   4.4668312e+08
   1.4280083e-23   4.5708770e+08
   1.3338824e-23   4.6773464e+08
   1.2459580e-23   4.7862958e+08
   1.1638269e-23   4.8977830e+08
   1.0871074e-23   5.0118670e+08
   1.0154432e-23   5.1286084e+08
   9.4850135e-24   5.2480690e+08
   8.8597063e-24   5.3703122e+08
   8.2756061e-24   5.4954029e+08
   7.7299991e-24   5.6234072e+08
   7.2203484e-24   5.7543932e+08
   6.7442858e-24   5.8884303e+08
   6.2995990e-24   6.0255894e+08
   5.8842208e-24   6.1659434e+08
   5.4962203e-24   6.3095667e+08
   5.1337940e-24   6.4565354e+08
   4.7952567e-24   6.6069274e+08
   4.4790343e-24   6.7608225e+08
   4.1836568e-24   6.9183023e+08
   3.9077507e-24   7.0794502e+08
   3.6500326e-24   7.2443518e+08
   3.4093046e-24   7.4130945e+08
   3.1844465e-24   7.5857676e+08
   2.9744131e-24   7.7624628e+08
   2.7782269e-24   7.9432738e+08
   2.5949757e-24   8.1282964e+08
   2.4238069e-24   8.3176288e+08
   2.2639241e-24   8.5113712e+08
   2.1145837e-24   8.7096265e+08
   1.9750906e-24   8.9124998e+08
   1.8447958e-24   9.1200986e+08
   1.7230931e-24   9.3325329e+08
   1.6094160e-24   9.5499155e+08
   1.5032356e-24   9.7723617e+08
   1.4040576e-24   9.9999892e+08
   1.3114205e-24   1.0232919e+09
   1.2248930e-24   1.0471274e+09
   1.1440724e-24   1.0715181e+09
   1.0685824e-24   1.0964770e+09
   9.9807165e-25   1.1220172e+09
   9.3221162e-25   1.1481524e+09
   8.7069596e-25   1.1748963e+09
   8.1323804e-25   1.2022631e+09
   7.5957035e-25   1.2302674e+09
   7.0944302e-25   1.2589240e+09
   6.6262250e-25   1.2882482e+09
   6.1889077e-25   1.3182553e+09
   5.7804419e-25   1.3489614e+09
   5.3989241e-25   1.3803828e+09
   5.0425774e-25   1.4125360e+09
   4.7097417e-25   1.4454382e+09
   4.3988669e-25   1.4791068e+09
   4.1085042e-25   1.5135596e+09
   3.8373005e-25   1.5488149e+09
   3.5839923e-25   1.5848915e+09
   3.3473994e-25   1.6218083e+09
   3.1264190e-25   1.6595851e+09
   2.9200211e-25   1.6982418e+09
   2.7272443e-25   1.7377989e+09
   2.5471895e-25   1.7782775e+09
   2.3790176e-25   1.8196989e+09
   2.2219448e-25   1.8620851e+09
   2.0752386e-25   1.9054586e+09
   1.9382155e-25   1.9498425e+09
   1.8102362e-25   1.9952601e+09
   1.6907042e-25   2.0417357e+09
   1.5790623e-25   2.0892938e+09
   1.4747895e-25   2.1379597e+09
   1.3774000e-25   2.1877592e+09
   1.2864392e-25   2.2387187e+09
   1.2014832e-25   2.2908651e+09
   1.1221357e-25   2.3442262e+09
   1.0480264e-25   2.3988303e+09
   9.7880974e-26   2.4547062e+09
   9.1416283e-26   2.5118837e+09
   8.5378410e-26   2.5703930e+09
   7.9739182e-26   2.6302651e+09
   7.4472290e-26   2.6915318e+09
   6.9553157e-26   2.7542257e+09
   6.4958838e-26   2.8183798e+09
   6.0667884e-26   2.8840283e+09
   5.6660273e-26   2.9512060e+09
   5.2917307e-26   3.0199484e+09
   4.9421510e-26   3.0902920e+09
   4.6156569e-26   3.1622742e+09
   4.3107246e-26   3.2359330e+09
   4.0259304e-26   3.3113075e+09
   3.7599447e-26   3.3884378e+09
   3.5115262e-26   3.4673647e+09
   3.2795148e-26   3.5481300e+09
   3.0628273e-26   3.6307765e+09
   2.8604522e-26   3.7153482e+09
   2.6714439e-26   3.8018897e+09
   2.4949205e-26   3.8904471e+09
   2.3300574e-26   3.9810673e+09
   2.1760845e-26   4.0737982e+09
   2.0322827e-26   4.1686892e+09
   1.8979805e-26   4.2657904e+09
   1.7725506e-26   4.3651535e+09
   1.6554070e-26   4.4668309e+09
   1.5460024e-26   4.5708768e+09
   1.4438258e-26   4.6773462e+09
   1.3483998e-26   4.7862956e+09
   1.2592787e-26   4.8977827e+09
   1.1760459e-26   5.0118667e+09
   1.0983125e-26   5.1286081e+09
   1.0257154e-26   5.2480687e+09
   9.5791518e-27   5.3703120e+09
   8.9459508e-27   5.4954026e+09
   8.3545917e-27   5.6234070e+09
   7.8023104e-27   5.7543929e+09
   7.2865248e-27   5.8884300e+09
   6.8048251e-27   6.0255891e+09
   6.3549595e-27   6.1659431e+09
   5.9348240e-27   6.3095664e+09
   5.5424551e-27   6.4565350e+09
   5.1760180e-27   6.6069271e+09
   4.8337999e-27   6.7608222e+09
   4.5142003e-27   6.9183019e+09
   4.2157251e-27   7.0794499e+09
   3.9369783e-27   7.2443515e+09
   3.6766561e-27   7.4130941e+09
   3.4335414e-27   7.5857672e+09
   3.2064971e-27   7.7624624e+09
   2.9944613e-27   7.9432734e+09
   2.7964422e-27   8.1282960e+09
   2.6115134e-27   8.3176283e+09
   2.4388101e-27   8.5113708e+09
   2.2775242e-27   8.7096261e+09
   2.1269011e-27   8.9124993e+09
   1.9862362e-27   9.1200981e+09
   1.8548712e-27   9.3325325e+09
   1.7321916e-27   9.5499151e+09
   1.6176234e-27   9.7723611e+09
   1.5106303e-27   9.9999887e+09
   1.4107116e-27   1.0232918e+10
   1.3173999e-27   1.0471274e+10
   1.2302582e-27   1.0715181e+10
   1.1488789e-27   1.0964770e+10
   1.0728810e-27   1.1220172e+10
   1.0019086e-27   1.1481523e+10
   9.3562977e-28   1.1748962e+10
   8.7373394e-28   1.2022631e+10
   8.1593149e-28   1.2302674e+10
   7.6195186e-28   1.2589240e+10
   7.1154218e-28   1.2882481e+10
   6.6446649e-28   1.3182552e+10
   6.2050439e-28   1.3489613e+10
   5.7944992e-28   1.3803827e+10
   5.4111091e-28   1.4125359e+10
   5.0530778e-28   1.4454381e+10
   4.7187287e-28   1.4791067e+10
   4.4064959e-28   1.5135595e+10
   4.1149164e-28   1.5488149e+10
   3.8426248e-28   1.5848914e+10
   3.5883460e-28   1.6218082e+10
   3.3508882e-28   1.6595850e+10
   3.1291393e-28   1.6982417e+10
   2.9220602e-28   1.7377988e+10
   2.7286811e-28   1.7782774e+10
   2.5480956e-28   1.8196988e+10
   2.3794578e-28   1.8620850e+10
   2.2219772e-28   1.9054585e+10
   2.0749160e-28   1.9498424e+10
   1.9375852e-28   1.9952600e+10
   1.8093409e-28   2.0417356e+10
   1.6895822e-28   2.0892937e+10
   1.5777479e-28   2.1379596e+10
   1.4733137e-28   2.1877591e+10
   1.3757901e-28   2.2387186e+10
   1.2847200e-28   2.2908650e+10
   1.1996764e-28   2.3442261e+10
   1.1202607e-28   2.3988302e+10
   1.0461005e-28   2.4547061e+10
   9.7684828e-29   2.5118835e+10
   9.1217910e-29   2.5703928e+10
   8.5178988e-29   2.6302650e+10
   7.9539745e-29   2.6915317e+10
   7.4273735e-29   2.7542255e+10
   6.9356264e-29   2.8183797e+10
   6.4764269e-29   2.8840282e+10
   6.0476210e-29   2.9512058e+10
   5.6471985e-29   3.0199482e+10
   5.2732804e-29   3.0902919e+10
   4.9241136e-29   3.1622740e+10
   4.5980599e-29   3.2359328e+10
   4.2935894e-29   3.3113074e+10
   4.0092746e-29   3.3884376e+10
   3.7437809e-29   3.4673645e+10
   3.4958629e-29   3.5481298e+10
   3.2643577e-29   3.6307763e+10
   3.0481790e-29   3.7153480e+10
   2.8463123e-29   3.8018895e+10
   2.6578104e-29   3.8904469e+10
   2.4817888e-29   3.9810671e+10
   2.3174214e-29   4.0737980e+10
   2.1639367e-29   4.1686890e+10
   2.0206145e-29   4.2657902e+10
   1.8867823e-29   4.3651532e+10
   1.7618115e-29   4.4668307e+10
   1.6451158e-29   4.5708766e+10
   1.5361475e-29   4.6773460e+10
   1.4343949e-29   4.7862953e+10
   1.3393802e-29   4.8977825e+10
   1.2506576e-29   5.0118665e+10
   1.1678104e-29   5.1286078e+10
   1.0904498e-29   5.2480685e+10
   1.0182124e-29   5.3703117e+10
   9.5075902e-30   5.4954023e+10
   8.8777291e-30   5.6234067e+10
   8.2895839e-30   5.7543926e+10
   7.7403922e-30   5.8884297e+10
   7.2275742e-30   6.0255888e+10
   6.7487226e-30   6.1659428e+10
   6.3015875e-30   6.3095660e+10
   5.8840688e-30   6.4565347e+10
   5.4942057e-30   6.6069267e+10
   5.1301669e-30   6.7608218e+10
   4.7902418e-30   6.9183016e+10
   4.4728342e-30   7.0794495e+10
   4.1764524e-30   7.2443511e+10
   3.8997042e-30   7.4130937e+10
   3.6412895e-30   7.5857668e+10
   3.3999938e-30   7.7624620e+10
   3.1746837e-30   7.9432730e+10
   2.9643003e-30   8.1282956e+10
   2.7678551e-30   8.3176279e+10
   2.5844248e-30   8.5113703e+10
   2.4131473e-30   8.7096256e+10
   2.2532179e-30   8.9124989e+10
   2.1038846e-30   9.1200976e+10
   1.9644459e-30   9.3325320e+10
   1.8342463e-30   9.5499146e+10
   1.7126736e-30   9.7723606e+10
   1.5991564e-30   9.9999882e+10
   1.4931614e-30   1.0232918e+11
   1.3941900e-30   1.0471273e+11
   1.3017769e-30   1.0715180e+11
   1.2154878e-30   1.0964769e+11
   1.1349168e-30   1.1220171e+11
   1.0596852e-30   1.1481523e+11
   9.8943927e-31   1.1748962e+11
   9.2384856e-31   1.2022630e+11
   8.6260484e-31   1.2302673e+11
   8.0542005e-31   1.2589239e+11
   7.5202514e-31   1.2882480e+11
   7.0216909e-31   1.3182552e+11
   6.5561745e-31   1.3489613e+11
   6.1215119e-31   1.3803826e+11
   5.7156588e-31   1.4125359e+11
   5.3367067e-31   1.4454380e+11
   4.9828731e-31   1.4791066e+11
   4.6524929e-31   1.5135594e+11
   4.3440121e-31   1.5488148e+11
   4.0559798e-31   1.5848913e+11
   3.7870408e-31   1.6218082e+11
   3.5359293e-31   1.6595849e+11
   3.3014645e-31   1.6982416e+11
   3.0825426e-31   1.7377988e+11
   2.8781340e-31   1.7782773e+11
   2.6872765e-31   1.8196987e+11
   2.5090720e-31   1.8620849e+11
   2.3426820e-31   1.9054584e+11
   2.1873232e-31   1.9498423e+11
   2.0422646e-31   1.9952599e+11
   1.9068237e-31   2.0417355e+11
   1.7803627e-31   2.0892936e+11
   1.6622865e-31   2.1379595e+11
   1.5520394e-31   2.1877590e+11
   1.4491022e-31   2.2387184e+11
   1.3529905e-31   2.2908649e+11
   1.2632517e-31   2.3442260e+11
   1.1794635e-31   2.3988300e+11
   1.1012313e-31   2.4547060e+11
   1.0281868e-31   2.5118834e+11
   9.5998621e-32   2.5703927e+11
   8.9630821e-32   2.6302648e+11
   8.3685312e-32   2.6915316e+11
   7.8134081e-32   2.7542254e+11
   7.2951003e-32   2.8183795e+11
   6.8111657e-32   2.8840280e+11
   6.3593263e-32   2.9512057e+11
   5.9374531e-32   3.0199481e+11
   5.5435597e-32   3.0902917e+11
   5.1757910e-32   3.1622738e+11
   4.8324147e-32   3.2359327e+11
   4.5118133e-32   3.3113072e+11
   4.2124766e-32   3.3884375e+11
   3.9329943e-32   3.4673643e+11
   3.6720501e-32   3.5481296e+11
   3.4284148e-32   3.6307761e+11
   3.2009402e-32   3.7153478e+11
   2.9885548e-32   3.8018893e+11
   2.7902580e-32   3.8904467e+11
   2.6051156e-32   3.9810669e+11
   2.4322546e-32   4.0737978e+11
   2.2708610e-32   4.1686888e+11
   2.1201742e-32   4.2657900e+11
   1.9794841e-32   4.3651530e+11
   1.8481275e-32   4.4668305e+11
   1.7254855e-32   4.5708763e+11
   1.6109802e-32   4.6773457e+11
   1.5040716e-32   4.7862951e+11
   1.4042561e-32   4.8977822e+11
   1.3110631e-32   5.0118662e+11
   1.2240534e-32   5.1286076e+11
   1.1428167e-32   5.2480682e+11
   1.0669701e-32   5.3703114e+11
   9.9615616e-33   5.4954020e+11
   9.3004099e-33   5.6234064e+11
   8.6831277e-33   5.7543923e+11
   8.1068063e-33   5.8884293e+11
   7.5687275e-33   6.0255885e+11
   7.0663550e-33   6.1659425e+11
   6.5973188e-33   6.3095657e+11
   6.1594082e-33   6.4565344e+11
   5.7505580e-33   6.6069264e+11
   5.3688401e-33   6.7608215e+11
   5.0124541e-33   6.9183012e+11
   4.6797198e-33   7.0794492e+11
   4.3690679e-33   7.2443507e+11
   4.0790330e-33   7.4130933e+11
   3.8082468e-33   7.5857664e+11
   3.5554329e-33   7.7624616e+11
   3.3193984e-33   7.9432726e+11
   3.0990296e-33   8.1282952e+11
   2.8932874e-33   8.3176275e+11
   2.7012012e-33   8.5113699e+11
   2.5218646e-33   8.7096252e+11
   2.3544316e-33   8.9124984e+11
   2.1981125e-33   9.1200971e+11
   2.0521694e-33   9.3325315e+11
   1.9159140e-33   9.5499141e+11
   1.7887033e-33   9.7723601e+11
   1.6699370e-33   9.9999876e+11
   1.5590549e-33   1.0232917e+12
   1.4555335e-33   1.0471273e+12
   1.3588843e-33   1.0715180e+12
   1.2686513e-33   1.0964768e+12
   1.1844085e-33   1.1220171e+12
   1.1057586e-33   1.1481522e+12
   1.0323302e-33   1.1748961e+12
   9.6377661e-34   1.2022629e+12
   8.9977453e-34   1.2302672e+12
   8.4002167e-34   1.2589239e+12
   7.8423602e-34   1.2882480e+12
   7.3215422e-34   1.3182551e+12
   6.8353045e-34   1.3489612e+12
   6.3813515e-34   1.3803825e+12
   5.9575404e-34   1.4125358e+12
   5.5618699e-34   1.4454380e+12
   5.1924717e-34   1.4791065e+12
   4.8476023e-34   1.5135594e+12
   4.5256330e-34   1.5488147e+12
   4.2250435e-34   1.5848912e+12
   3.9444149e-34   1.6218081e+12
   3.6824211e-34   1.6595848e+12
   3.4378258e-34   1.6982415e+12
   3.2094731e-34   1.7377987e+12
   2.9962855e-34   1.7782772e+12
   2.7972555e-34   1.8196986e+12
   2.6114431e-34   1.8620848e+12
   2.4379712e-34   1.9054583e+12
   2.2760197e-34   1.9498422e+12
   2.1248243e-34   1.9952598e+12
   1.9836706e-34   2.0417354e+12
   1.8518918e-34   2.0892935e+12
   1.7288653e-34   2.1379594e+12
   1.6140101e-34   2.1877589e+12
   1.5067834e-34   2.2387183e+12
   1.4066790e-34   2.2908648e+12
   1.3132235e-34   2.3442259e+12
   1.2259755e-34   2.3988299e+12
   1.1445229e-34   2.4547058e+12
   1.0684807e-34   2.5118833e+12
   9.9748984e-35   2.5703926e+12
   9.3121451e-35   2.6302647e+12
   8.6934178e-35   2.6915314e+12
   8.1157915e-35   2.7542252e+12
   7.5765363e-35   2.8183794e+12
   7.0731051e-35   2.8840279e+12
   6.6031174e-35   2.9512055e+12
   6.1643526e-35   3.0199479e+12
   5.7547365e-35   3.0902915e+12
   5.3723335e-35   3.1622737e+12
   5.0153356e-35   3.2359325e+12
   4.6820557e-35   3.3113070e+12
   4.3709182e-35   3.3884373e+12
   4.0804523e-35   3.4673641e+12
   3.8092853e-35   3.5481294e+12
   3.5561347e-35   3.6307760e+12
   3.3198041e-35   3.7153476e+12
   3.0991759e-35   3.8018892e+12
   2.8932073e-35   3.8904465e+12
   2.7009244e-35   3.9810667e+12
   2.5214179e-35   4.0737976e+12
   2.3538390e-35   4.1686886e+12
   2.1973956e-35   4.2657898e+12
   2.0513477e-35   4.3651528e+12
   1.9150047e-35   4.4668303e+12
   1.7877219e-35   4.5708761e+12
   1.6688972e-35   4.6773455e+12
   1.5579690e-35   4.7862948e+12
   1.4544122e-35   4.8977820e+12
   1.3577376e-35   5.0118660e+12
   1.2674874e-35   5.1286073e+12
   1.1832351e-35   5.2480679e+12
   1.1045820e-35   5.3703111e+12
   1.0311561e-35   5.4954017e+12
   9.6261020e-36   5.6234061e+12
   8.9861987e-36   5.7543920e+12
   8.3888253e-36   5.8884290e+12
   7.8311550e-36   6.0255882e+12
   7.3105496e-36   6.1659422e+12
   6.8245468e-36   6.3095654e+12
   6.3708465e-36   6.4565340e+12
   5.9473022e-36   6.6069260e+12
   5.5519103e-36   6.7608211e+12
   5.1827997e-36   6.9183009e+12
   4.8382240e-36   7.0794488e+12
   4.5165526e-36   7.2443503e+12
   4.2162631e-36   7.4130929e+12
   3.9359352e-36   7.5857660e+12
   3.6742413e-36   7.7624612e+12
   3.4299439e-36   7.9432722e+12
   3.2018862e-36   8.1282947e+12
   2.9889893e-36   8.3176270e+12
   2.7902451e-36   8.5113695e+12
   2.6047131e-36   8.7096247e+12
   2.4315155e-36   8.9124979e+12
   2.2698321e-36   9.1200967e+12
   2.1188976e-36   9.3325310e+12
   1.9779978e-36   9.5499136e+12
   1.8464653e-36   9.7723596e+12
   1.7236778e-36   9.9999871e+12
   1.6090540e-36   1.0232917e+13
   1.5020510e-36   1.0471272e+13
   1.4021624e-36   1.0715179e+13
   1.3089153e-36   1.0964768e+13
   1.2218680e-36   1.1220170e+13
   1.1406086e-36   1.1481521e+13
   1.0647522e-36   1.1748960e+13
   9.9393961e-37   1.2022629e+13
   9.2783563e-37   1.2302672e+13
   8.6612720e-37   1.2589238e+13
   8.0852204e-37   1.2882479e+13
   7.5474742e-37   1.3182550e+13
   7.0454861e-37   1.3489611e+13
   6.5768793e-37   1.3803825e+13
   6.1394343e-37   1.4125357e+13
   5.7310789e-37   1.4454379e+13
   5.3498800e-37   1.4791065e+13
   4.9940309e-37   1.5135593e+13
   4.6618469e-37   1.5488146e+13
   4.3517541e-37   1.5848911e+13
   4.0622840e-37   1.6218080e+13
   3.7920652e-37   1.6595848e+13
   3.5398176e-37   1.6982414e+13
   3.3043463e-37   1.7377986e+13
   3.0845357e-37   1.7782771e+13
   2.8793446e-37   1.8196985e+13
   2.6878005e-37   1.8620847e+13
   2.5089964e-37   1.9054582e+13
   2.3420847e-37   1.9498421e+13
   2.1862747e-37   1.9952597e+13
   2.0408284e-37   2.0417353e+13
   1.9050563e-37   2.0892934e+13
   1.7783150e-37   2.1379593e+13
   1.6600042e-37   2.1877588e+13
   1.5495631e-37   2.2387182e+13
   1.4464683e-37   2.2908647e+13
   1.3502312e-37   2.3442258e+13
   1.2603959e-37   2.3988298e+13
   1.1765365e-37   2.4547057e+13
   1.0982556e-37   2.5118831e+13
   1.0251821e-37   2.5703924e+13
   9.5696970e-38   2.6302646e+13
   8.9329515e-38   2.6915313e+13
   8.3385650e-38   2.7542251e+13
   7.7837214e-38   2.8183792e+13
   7.2657897e-38   2.8840277e+13
   6.7823154e-38   2.9512054e+13
   6.3310054e-38   3.0199478e+13
   5.9097218e-38   3.0902914e+13
   5.5164659e-38   3.1622735e+13
   5.1493739e-38   3.2359323e+13
   4.8067060e-38   3.3113069e+13
   4.4868366e-38   3.3884371e+13
   4.1882496e-38   3.4673639e+13
   3.9095291e-38   3.5481292e+13
   3.6493534e-38   3.6307758e+13
   3.4064893e-38   3.7153474e+13
   3.1797847e-38   3.8018890e+13
   2.9681645e-38   3.8904463e+13
   2.7706257e-38   3.9810665e+13
   2.5862314e-38   4.0737974e+13
   2.4141065e-38   4.1686883e+13
   2.2534355e-38   4.2657896e+13
   2.1034559e-38   4.3651526e+13
   1.9634565e-38   4.4668300e+13
   1.8327734e-38   4.5708759e+13
   1.7107867e-38   4.6773452e+13
   1.5969179e-38   4.7862946e+13
   1.4906266e-38   4.8977817e+13
   1.3914089e-38   5.0118657e+13
   1.2987940e-38   5.1286071e+13
   1.2123428e-38   5.2480677e+13
   1.1316448e-38   5.3703109e+13
   1.0563174e-38   5.4954015e+13
   9.8600335e-39   5.6234058e+13
   9.2036891e-39   5.7543917e+13
   8.5910274e-39   5.8884287e+13
   8.0191407e-39   6.0255879e+13
   7.4853174e-39   6.1659418e+13
   6.9870227e-39   6.3095651e+13
   6.5218953e-39   6.4565337e+13
   6.0877240e-39   6.6069257e+13
   5.6824516e-39   6.7608208e+13
   5.3041557e-39   6.9183005e+13
   4.9510383e-39   7.0794484e+13
   4.6214249e-39   7.2443500e+13
   4.3137516e-39   7.4130925e+13
   4.0265583e-39   7.5857656e+13
   3.7584829e-39   7.7624608e+13
   3.5082502e-39   7.9432718e+13
   3.2746762e-39   8.1282943e+13
   3.0566495e-39   8.3176266e+13
   2.8531376e-39   8.5113690e+13
   2.6631719e-39   8.7096243e+13
   2.4858530e-39   8.9124975e+13
   2.3203373e-39   9.1200962e+13
   2.1658413e-39   9.3325305e+13
   2.0216295e-39   9.5499131e+13
   1.8870193e-39   9.7723591e+13
   1.7613705e-39   9.9999866e+13
   1.6440860e-39   1.0232916e+14
   1.5346096e-39   1.0471271e+14
   1.4324227e-39   1.0715179e+14
   1.3370391e-39   1.0964767e+14
   1.2480048e-39   1.1220170e+14
   1.1648994e-39   1.1481521e+14
   1.0873263e-39   1.1748960e+14
   1.0149184e-39   1.2022628e+14
   9.4733241e-40   1.2302671e+14
   8.8424455e-40   1.2589237e+14
   8.2535919e-40   1.2882478e+14
   7.7039326e-40   1.3182550e+14
   7.1908752e-40   1.3489611e+14
   6.7119814e-40   1.3803824e+14
   6.2649812e-40   1.4125356e+14
   5.8477306e-40   1.4454378e+14
   5.4582817e-40   1.4791064e+14
   5.0947569e-40   1.5135592e+14
   4.7554325e-40   1.5488145e+14
   4.4387110e-40   1.5848911e+14
   4.1430790e-40   1.6218079e+14
   3.8671353e-40   1.6595847e+14
   3.6095627e-40   1.6982414e+14
   3.3691559e-40   1.7377985e+14
   3.1447520e-40   1.7782770e+14
   2.9352859e-40   1.8196984e+14
   2.7397767e-40   1.8620846e+14
   2.5572856e-40   1.9054581e+14
   2.3869438e-40   1.9498420e+14
   2.2279525e-40   1.9952596e+14
   2.0795409e-40   2.0417352e+14
   1.9410226e-40   2.0892933e+14
   1.8117248e-40   2.1379592e+14
   1.6910449e-40   2.1877587e+14
   1.5783946e-40   2.2387181e+14
   1.4732551e-40   2.2908645e+14
   1.3751082e-40   2.3442256e+14
   1.2835053e-40   2.3988297e+14
   1.1979981e-40   2.4547056e+14
   1.1181941e-40   2.5118830e+14
   1.0437011e-40   2.5703923e+14
   9.7416868e-41   2.6302644e+14
   9.0927455e-41   2.6915311e+14
   8.4869641e-41   2.7542250e+14
   7.9215402e-41   2.8183791e+14
   7.3938112e-41   2.8840276e+14
   6.9011147e-41   2.9512052e+14
   6.4413487e-41   3.0199476e+14
   6.0122711e-41   3.0902912e+14
   5.6116398e-41   3.1622733e+14
   5.2377734e-41   3.2359322e+14
   4.8888501e-41   3.3113067e+14
   4.5630482e-41   3.3884369e+14
   4.2589664e-41   3.4673638e+14
   3.9752035e-41   3.5481290e+14
   3.7103581e-41   3.6307756e+14
   3.4631690e-41   3.7153472e+14
   3.2323752e-41   3.8018888e+14
   3.0169956e-41   3.8904461e+14
   2.8160494e-41   3.9810663e+14
   2.6284155e-41   4.0737972e+14
   2.4532532e-41   4.1686881e+14
   2.2897217e-41   4.2657893e+14
   2.1371203e-41   4.3651523e+14
   1.9947484e-41   4.4668298e+14
   1.8617651e-41   4.5708756e+14
   1.7377502e-41   4.6773450e+14
   1.6220030e-41   4.7862944e+14
   1.5138227e-41   4.8977815e+14
   1.4129292e-41   5.0118654e+14
   1.3187620e-41   5.1286068e+14
   1.2309006e-41   5.2480674e+14
   1.1489246e-41   5.3703106e+14
   1.0722736e-41   5.4954012e+14
   1.0008074e-41   5.6234055e+14
   9.3410556e-42   5.7543914e+14
   8.7188790e-42   5.8884284e+14
   8.1373402e-42   6.0255876e+14
   7.5950377e-42   6.1659415e+14
   7.0891689e-42   6.3095647e+14
   6.6169313e-42   6.4565334e+14
   6.1755223e-42   6.6069254e+14
   5.7635406e-42   6.7608204e+14
   5.3795848e-42   6.9183002e+14
   5.0208524e-42   7.0794481e+14
   4.6873434e-42   7.2443496e+14
   4.3748538e-42   7.4130922e+14
   4.0833837e-42   7.5857653e+14
   3.8101305e-42   7.7624604e+14
   3.5564955e-42   7.9432714e+14
   3.3196761e-42   8.1282939e+14
   3.0982709e-42   8.3176262e+14
   2.8922800e-42   8.5113686e+14
   2.6989008e-42   8.7096238e+14
   2.5195346e-42   8.9124970e+14
   2.3513788e-42   9.1200957e+14
   2.1944334e-42   9.3325301e+14
   2.0486984e-42   9.5499126e+14
   1.9113711e-42   9.7723586e+14
   1.7838529e-42   9.9999861e+14
   1.6647426e-42   1.0232916e+15
   1.5540400e-42   1.0471271e+15
   1.4503439e-42   1.0715178e+15
   1.3536543e-42   1.0964767e+15
   1.2639712e-42   1.1220169e+15
   1.1798933e-42   1.1481520e+15
   1.1014206e-42   1.1748959e+15
   1.0271518e-42   1.2022628e+15
   9.5848815e-43   1.2302671e+15
   8.9542972e-43   1.2589237e+15
   8.3517388e-43   1.2882478e+15
   7.7912195e-43   1.3182549e+15
   7.2727390e-43   1.3489610e+15
   6.7962976e-43   1.3803823e+15
   6.3338691e-43   1.4125356e+15
   5.9134795e-43   1.4454378e+15
   5.5211159e-43   1.4791063e+15
   5.1567783e-43   1.5135591e+15
   4.8064537e-43   1.5488145e+15
   4.4841551e-43   1.5848910e+15
   4.1898824e-43   1.6218078e+15
   3.9096227e-43   1.6595846e+15
   3.6433760e-43   1.6982413e+15
   3.4051553e-43   1.7377984e+15
   3.1809475e-43   1.7782769e+15
   2.9707527e-43   1.8196983e+15
   2.7745710e-43   1.8620845e+15
   2.5783892e-43   1.9054580e+15
   2.4102334e-43   1.9498419e+15
   2.2560905e-43   1.9952595e+15
   2.1019477e-43   2.0417351e+15
   1.9618179e-43   2.0892932e+15
   1.8357010e-43   2.1379591e+15
   1.7095841e-43   2.1877585e+15
   1.5974802e-43   2.2387180e+15
   1.4853764e-43   2.2908644e+15
   1.3872855e-43   2.3442255e+15
   1.2891946e-43   2.3988295e+15
   1.2051167e-43   2.4547055e+15
   1.1350518e-43   2.5118829e+15
   1.0509738e-43   2.5703922e+15
   9.8090893e-44   2.6302643e+15
   9.2485699e-44   2.6915310e+15
   8.5479206e-44   2.7542248e+15
   7.9874012e-44   2.8183789e+15
   7.4268819e-44   2.8840274e+15
   7.0064923e-44   2.9512051e+15
   6.4459729e-44   3.0199474e+15
   6.0255834e-44   3.0902911e+15
   5.6051939e-44   3.1622732e+15
   5.3249342e-44   3.2359320e+15
   4.9045446e-44   3.3113065e+15
   4.6242849e-44   3.3884368e+15
   4.3440252e-44   3.4673636e+15
   4.0637655e-44   3.5481289e+15
   3.7835059e-44   3.6307754e+15
   3.5032462e-44   3.7153470e+15
   3.2229865e-44   3.8018886e+15
   3.0828566e-44   3.8904459e+15
   2.8025969e-44   3.9810661e+15
   2.6624671e-44   4.0737970e+15
   2.5223372e-44   4.1686879e+15
   2.2420775e-44   4.2657891e+15
   2.1019477e-44   4.3651521e+15
   1.9618179e-44   4.4668296e+15
   1.8216880e-44   4.5708754e+15
   1.6815582e-44   4.6773448e+15
   1.6815582e-44   4.7862941e+15
   1.5414283e-44   4.8977812e+15
   1.4012985e-44   5.0118652e+15
   1.2611686e-44   5.1286065e+15
   1.2611686e-44   5.2480671e+15
   1.1210388e-44   5.3703103e+15
   1.1210388e-44   5.4954009e+15
   9.8090893e-45   5.6234052e+15
   9.8090893e-45   5.7543912e+15
   8.4077908e-45   5.8884281e+15
   8.4077908e-45   6.0255872e+15
   7.0064923e-45   6.1659412e+15
   7.0064923e-45   6.3095644e+15
   7.0064923e-45   6.4565330e+15
   5.6051939e-45   6.6069250e+15
   5.6051939e-45   6.7608201e+15
   5.6051939e-45   6.9182998e+15
   5.6051939e-45   7.0794477e+15
   4.2038954e-45   7.2443492e+15
   4.2038954e-45   7.4130918e+15
   4.2038954e-45   7.5857649e+15
   4.2038954e-45   7.7624600e+15
   4.2038954e-45   7.9432709e+15
   2.8025969e-45   8.1282935e+15
   2.8025969e-45   8.3176258e+15
   2.8025969e-45   8.5113681e+15
   2.8025969e-45   8.7096234e+15
   2.8025969e-45   8.9124966e+15
   2.8025969e-45   9.1200953e+15
   2.8025969e-45   9.3325296e+15
   1.4012985e-45   9.5499121e+15
   1.4012985e-45   9.7723581e+15
   1.4012985e-45   9.9999856e+15
   1.4012985e-45   1.0232915e+16
   1.4012985e-45   1.0471270e+16
   1.4012985e-45   1.0715178e+16
   1.4012985e-45   1.0964766e+16
   1.4012985e-45   1.1220168e+16
   1.4012985e-45   1.1481520e+16
   1.4012985e-45   1.1748959e+16
   1.4012985e-45   1.2022627e+16
   1.4012985e-45   1.2302670e+16
   1.4012985e-45   1.2589236e+16
   1.4012985e-45   1.2882477e+16
   1.4012985e-45   1.3182548e+16
   1.4012985e-45   1.3489609e+16
       0.0000000   1.3803823e+16
       0.0000000   1.4125355e+16
       0.0000000   1.4454377e+16
       0.0000000   1.4791062e+16
       0.0000000   1.5135591e+16
       0.0000000   1.5488144e+16
       0.0000000   1.5848909e+16
       0.0000000   1.6218077e+16
       0.0000000   1.6595845e+16
       0.0000000   1.6982412e+16
       0.0000000   1.7377983e+16
       0.0000000   1.7782768e+16
       0.0000000   1.8196982e+16
       0.0000000   1.8620844e+16
       0.0000000   1.9054579e+16
       0.0000000   1.9498418e+16
       0.0000000   1.9952594e+16
       0.0000000   2.0417350e+16
       0.0000000   2.0892931e+16
       0.0000000   2.1379590e+16
       0.0000000   2.1877584e+16
       0.0000000   2.2387179e+16
       0.0000000   2.2908643e+16
       0.0000000   2.3442254e+16
       0.0000000   2.3988294e+16
       0.0000000   2.4547053e+16
       0.0000000   2.5118828e+16
       0.0000000   2.5703920e+16
       0.0000000   2.6302641e+16
       0.0000000   2.6915309e+16
       0.0000000   2.7542247e+16
       0.0000000   2.8183788e+16
       0.0000000   2.8840273e+16
       0.0000000   2.9512049e+16
       0.0000000   3.0199473e+16
       0.0000000   3.0902909e+16
       0.0000000   3.1622730e+16
       0.0000000   3.2359318e+16
       0.0000000   3.3113064e+16
       0.0000000   3.3884366e+16
       0.0000000   3.4673634e+16
       0.0000000   3.5481287e+16
       0.0000000   3.6307752e+16
       0.0000000   3.7153468e+16
       0.0000000   3.8018884e+16
       0.0000000   3.8904457e+16
       0.0000000   3.9810658e+16
       0.0000000   4.0737968e+16
       0.0000000   4.1686877e+16
       0.0000000   4.2657889e+16
       0.0000000   4.3651519e+16
       0.0000000   4.4668293e+16
       0.0000000   4.5708752e+16
       0.0000000   4.6773445e+16
       0.0000000   4.7862939e+16
       0.0000000   4.8977810e+16
       0.0000000   5.0118649e+16
       0.0000000   5.1286063e+16
       0.0000000   5.2480668e+16
       0.0000000   5.3703100e+16
       0.0000000   5.4954006e+16
       0.0000000   5.6234049e+16
       0.0000000   5.7543909e+16
       0.0000000   5.8884278e+16
       0.0000000   6.0255869e+16
       0.0000000   6.1659409e+16
       0.0000000   6.3095641e+16
       0.0000000   6.4565327e+16
       0.0000000   6.6069247e+16
       0.0000000   6.7608197e+16
       0.0000000   6.9182994e+16
       0.0000000   7.0794473e+16
       0.0000000   7.2443488e+16
       0.0000000   7.4130914e+16
       0.0000000   7.5857645e+16
       0.0000000   7.7624596e+16
       0.0000000   7.9432705e+16
       0.0000000   8.1282931e+16
       0.0000000   8.3176253e+16
       0.0000000   8.5113677e+16
       0.0000000   8.7096229e+16
       0.0000000   8.9124961e+16
       0.0000000   9.1200948e+16
       0.0000000   9.3325291e+16
       0.0000000   9.5499116e+16
       0.0000000   9.7723576e+16
       0.0000000   9.9999851e+16
       0.0000000   1.0232915e+17
       0.0000000   1.0471270e+17
       0.0000000   1.0715177e+17
       0.0000000   1.0964766e+17
       0.0000000   1.1220168e+17
       0.0000000   1.1481519e+17
       0.0000000   1.1748958e+17
       0.0000000   1.2022626e+17
       0.0000000   1.2302669e+17
       0.0000000   1.2589235e+17
       0.0000000   1.2882476e+17
       0.0000000   1.3182548e+17
       0.0000000   1.3489609e+17
       0.0000000   1.3803822e+17
       0.0000000   1.4125354e+17
       0.0000000   1.4454376e+17
       0.0000000   1.4791062e+17
       0.0000000   1.5135590e+17
       0.0000000   1.5488143e+17
       0.0000000   1.5848908e+17
       0.0000000   1.6218077e+17
       0.0000000   1.6595844e+17
       0.0000000   1.6982411e+17
       0.0000000   1.7377982e+17
       0.0000000   1.7782767e+17
       0.0000000   1.8196981e+17
       0.0000000   1.8620843e+17
       0.0000000   1.9054578e+17
       0.0000000   1.9498417e+17
       0.0000000   1.9952593e+17
       0.0000000   2.0417349e+17
       0.0000000   2.0892930e+17
       0.0000000   2.1379589e+17
       0.0000000   2.1877583e+17
       0.0000000   2.2387178e+17
       0.0000000   2.2908642e+17
       0.0000000   2.3442253e+17
       0.0000000   2.3988293e+17
       0.0000000   2.4547052e+17
       0.0000000   2.5118826e+17
       0.0000000   2.5703919e+17
       0.0000000   2.6302640e+17
       0.0000000   2.6915307e+17
       0.0000000   2.7542245e+17
       0.0000000   2.8183787e+17
       0.0000000   2.8840271e+17
       0.0000000   2.9512048e+17
       0.0000000   3.0199471e+17
       0.0000000   3.0902907e+17
       0.0000000   3.1622729e+17
       0.0000000   3.2359317e+17
       0.0000000   3.3113062e+17
       0.0000000   3.3884364e+17
       0.0000000   3.4673632e+17
       0.0000000   3.5481285e+17
       0.0000000   3.6307750e+17
       0.0000000   3.7153466e+17
       0.0000000   3.8018882e+17
       0.0000000   3.8904455e+17
       0.0000000   3.9810656e+17
       0.0000000   4.0737966e+17
       0.0000000   4.1686875e+17
       0.0000000   4.2657887e+17
       0.0000000   4.3651517e+17
       0.0000000   4.4668291e+17
       0.0000000   4.5708749e+17
       0.0000000   4.6773443e+17
       0.0000000   4.7862936e+17
       0.0000000   4.8977807e+17
       0.0000000   5.0118647e+17
       0.0000000   5.1286060e+17
       0.0000000   5.2480666e+17
       0.0000000   5.3703097e+17
       0.0000000   5.4954003e+17
       0.0000000   5.6234046e+17
       0.0000000   5.7543906e+17
       0.0000000   5.8884275e+17
       0.0000000   6.0255866e+17
       0.0000000   6.1659406e+17
       0.0000000   6.3095638e+17
       0.0000000   6.4565324e+17
       0.0000000   6.6069243e+17
       0.0000000   6.7608194e+17
       0.0000000   6.9182991e+17
       0.0000000   7.0794470e+17
       0.0000000   7.2443485e+17
       0.0000000   7.4130910e+17
       0.0000000   7.5857641e+17
       0.0000000   7.7624592e+17
       0.0000000   7.9432701e+17
       0.0000000   8.1282926e+17
       0.0000000   8.3176249e+17
       0.0000000   8.5113673e+17
       0.0000000   8.7096225e+17
       0.0000000   8.9124956e+17
       0.0000000   9.1200943e+17
       0.0000000   9.3325286e+17
       0.0000000   9.5499111e+17
       0.0000000   9.7723571e+17
       0.0000000   9.9999846e+17
